JPEGImages/016.jpg 2 8253 1856 149 258 8235 1827 134 155
JPEGImages/003.jpg 2 912 804 20 32 909 798 23 40
JPEGImages/017.jpg 6 4343 4303 85 144 259 4018 185 440 282 4013 109 109 4333 4292 101 98 258 3999 182 455 271 4005 154 194
JPEGImages/015.jpg 1 1814 4572 167 162
JPEGImages/029.jpg 5 1029 4287 135 291 1019 4277 146 201 1014 4294 135 161 1029 4283 146 216 1010 4280 150 194
JPEGImages/014.jpg 3 1818 4430 98 144 1814 4408 108 104 1812 4412 108 159
JPEGImages/000.jpg 2 734 4935 122 204 739 4924 122 162
JPEGImages/038.jpg 2 5518 2519 130 369 5505 2520 160 176
JPEGImages/004.jpg 3 2230 645 708 1954 2346 606 335 471 2244 610 483 2025
JPEGImages/011.jpg 1 4567 3815 77 240
JPEGImages/005.jpg 3 4340 3145 208 308 4368 3136 142 168 4338 3128 173 294
JPEGImages/007.jpg 1 6333 2970 130 304
JPEGImages/075.jpg 4 1390 4400 139 261 1391 4378 139 161 1376 4415 154 139 1413 4393 117 132
JPEGImages/061.jpg 3 9038 3248 157 313 9042 3222 139 205 9042 3266 139 161
JPEGImages/049.jpg 2 7229 4770 148 352 7216 4732 166 214
JPEGImages/074.jpg 4 1760 4874 143 278 1763 4857 146 183 1745 4881 183 189 1776 4893 134 128
JPEGImages/062.jpg 1 1560 1056 54 80
JPEGImages/076.jpg 2 1396 266 28 77 1390 266 33 48
JPEGImages/077.jpg 2 8538 5000 131 248 8538 4989 110 160
JPEGImages/063.jpg 4 6833 5583 207 270 6839 5550 146 183 6831 5587 139 146 6860 5579 154 212
JPEGImages/067.jpg 4 3356 5684 146 407 3368 5682 139 205 3339 5704 161 242 3339 5711 198 168
JPEGImages/072.jpg 1 2127 1376 24 27
JPEGImages/066.jpg 1 1415 2727 144 149
JPEGImages/058.jpg 4 7973 5417 143 192 8017 4056 154 212 8003 4056 117 205 8032 4086 110 139
JPEGImages/064.jpg 2 1575 758 21 50 1576 755 19 24
JPEGImages/065.jpg 1 19 5229 123 385
JPEGImages/068.jpg 30 847 5296 652 717 4891 4168 131 152 5760 3999 100 145 6676 3947 121 187 9655 2221 107 183 8022 6604 152 204 8420 5279 135 176 8372 5074 113 135 8347 4982 92 121 8413 5308 132 146 7794 6648 154 187 7681 2537 128 165 7333 2555 161 183 8475 2486 84 121 6535 2621 139 183 6696 2607 128 168 6890 2347 139 157 3192 2621 124 154 3752 3687 121 150 3137 4104 128 168 2643 4056 143 165 2186 4020 132 154 2303 3881 135 139 3390 3844 124 150 1710 3965 132 146 1098 5264 110 165 1303 4602 121 154 1248 4832 121 146 1391 4265 110 135 7831 2533 146 172
JPEGImages/069.jpg 4 2372 5368 161 462 2394 5374 132 161 2343 5382 190 205 2365 5396 176 234
JPEGImages/057.jpg 3 343 393 31 41 348 389 24 39 342 390 29 42
JPEGImages/056.jpg 1 1453 586 26 49
JPEGImages/042.jpg 3 816 1268 38 98 809 1254 49 58 818 1267 39 57
JPEGImages/052.jpg 3 1137 391 14 26 1133 391 18 19 1133 393 17 23
JPEGImages/079.jpg 2 5465 4822 127 170 5455 4809 142 174
JPEGImages/044.jpg 1 7418 2785 129 170
JPEGImages/078.jpg 2 1882 3843 104 292 1872 3833 115 170
JPEGImages/023.jpg 2 378 564 16 30 377 564 18 23
JPEGImages/022.jpg 1 4900 972 53 270
JPEGImages/020.jpg 2 4884 208 75 305 4891 194 67 116
JPEGImages/034.jpg 3 3528 4192 128 142 3533 4160 124 174 3510 4183 128 156
JPEGImages/021.jpg 2 1568 1036 56 85 1573 1024 48 67
JPEGImages/019.jpg 1 1986 597 29 42
JPEGImages/025.jpg 2 4783 3096 197 353 4831 3076 108 159
JPEGImages/031.jpg 2 4979 5802 102 412 4993 5793 96 146
JPEGImages/018.jpg 5 1856 3961 292 684 7029 4378 187 270 1905 3953 143 178 1887 3945 157 346 1873 3968 226 646
JPEGImages/026.jpg 4 455 1334 56 153 469 1332 30 44 453 1322 64 166 457 1329 55 120
JPEGImages/033.jpg 3 9138 5491 152 374 9152 5505 133 183 9125 5505 165 229
