038 0.9915193551120796 2577 79 2920 593
038 0.8689485863102574 3342 4228 3571 4571
038 0.8555350784545962 3993 5117 4186 5406
074 0.9999953738158327 1055 471 1407 999
074 0.9920370283696627 3011 5128 3189 5395
074 0.9913987295479465 6939 2311 7141 2614
067 0.9939415028848381 1667 436 2038 992
067 0.9790226676561751 7463 6000 7704 6361
067 0.820705944456438 7251 3547 7480 3890
043 0.9926528256273183 3821 5649 4175 6180
018 0.9784545229908811 4191 1365 4453 1758
018 0.9624883281960813 2804 1200 3052 1572
018 0.9510320990771556 7017 3522 7308 3958
