003 0.145 125.3 77.8 136.7 123.8
003 0.086 112.0 84.5 122.6 129.9
003 0.006 106.4 120.8 114.9 165.6
003 0.002 173.0 1.4 315.4 255.9
003 0.001 1.0 3.5 346.3 429.7
003 0.001 220.2 1.0 399.1 111.4
003 0.001 1.0 1.9 123.6 156.8
003 0.001 115.5 155.6 125.1 200.6
003 0.001 320.5 197.9 342.8 275.0
003 0.001 227.1 257.1 252.5 314.3
003 0.000 793.5 1.0 799.9 34.2
003 0.000 103.3 185.5 114.4 234.0
003 0.000 124.8 158.2 135.5 213.7
003 0.000 1.0 102.0 131.1 485.2
003 0.000 419.8 158.2 431.1 234.0
003 0.000 231.9 61.5 427.4 467.5
003 0.000 366.4 1.0 404.0 19.4
003 0.000 200.7 262.2 228.1 331.3
003 0.000 1.0 1.0 8.6 336.5
003 0.000 1.0 1.0 31.4 406.9
003 0.000 1.3 337.2 13.8 503.2
003 0.000 1.0 1.0 168.3 10.7
003 0.000 1.0 366.4 4.8 483.3
003 0.000 1.0 1.0 24.5 46.3
003 0.000 1.0 199.5 23.6 351.9
003 0.000 85.4 115.6 96.2 167.9
003 0.000 245.0 213.5 270.1 321.9
003 0.000 95.4 3.7 271.3 74.1
003 0.000 5.3 118.0 24.3 235.3
003 0.000 638.2 1.0 669.1 24.6
003 0.000 426.5 171.2 436.8 246.7
003 0.000 313.6 1.0 723.7 465.3
003 0.000 123.8 1.0 338.6 14.4
003 0.000 245.0 1.0 456.3 36.6
003 0.000 610.8 1.0 799.5 26.0
003 0.000 799.9 1.0 799.9 91.0
003 0.000 1.0 1.0 1.8 105.0
003 0.000 91.0 255.5 104.1 314.9
003 0.000 240.2 279.2 273.1 348.3
003 0.000 278.4 424.3 332.9 503.2
003 0.000 12.6 1.0 38.0 27.9
003 0.000 78.2 180.5 94.1 241.6
003 0.000 10.7 1.0 45.2 72.1
003 0.000 386.8 1.0 421.3 31.6
003 0.000 88.9 73.8 94.1 128.7
003 0.000 159.4 175.6 288.8 484.5
003 0.000 260.8 219.2 287.7 318.2
003 0.000 553.0 1.0 583.3 30.6
003 0.000 522.6 1.0 553.8 29.0
003 0.000 6.6 276.5 30.0 426.6
003 0.000 347.7 1.0 516.4 58.5
003 0.000 796.4 28.3 799.9 64.0
003 0.000 626.4 1.0 655.3 51.5
003 0.000 441.1 152.1 453.4 231.4
003 0.000 97.0 240.7 110.2 304.2
003 0.000 272.4 153.7 282.9 220.1
003 0.000 53.3 57.1 61.3 112.3
003 0.001 1589.4 574.4 1599.9 700.6
003 0.001 1345.0 964.2 1383.3 1006.2
003 0.000 1040.6 792.3 1063.4 836.4
003 0.000 1549.5 734.5 1570.6 764.1
003 0.000 1588.9 553.3 1599.9 608.0
003 0.000 1587.8 755.8 1599.9 830.0
003 0.000 1323.3 960.9 1360.0 1006.2
003 0.000 801.0 968.6 816.4 1006.2
003 0.000 1580.9 542.0 1593.4 593.0
003 0.000 1549.0 749.3 1567.3 780.9
003 0.000 1599.9 621.9 1599.9 677.6
003 0.000 1584.9 657.5 1599.5 776.7
003 0.000 1087.4 951.5 1131.9 1006.2
003 0.000 1112.0 945.4 1151.9 1006.2
003 0.000 1569.2 504.0 1599.6 627.0
003 0.000 801.0 979.8 850.5 1006.2
003 0.000 1235.3 974.9 1263.6 1001.9
003 0.000 1599.9 784.2 1599.9 860.8
003 0.000 1541.5 504.0 1596.8 732.2
003 0.000 1060.9 968.9 1110.9 1006.1
003 0.000 801.0 986.9 801.8 1006.2
003 0.000 1498.2 971.9 1536.1 1003.9
003 0.000 1599.9 582.1 1599.9 648.4
003 0.000 829.6 958.7 870.9 1006.2
003 0.000 1555.1 504.0 1578.6 537.0
003 0.000 1597.6 504.0 1599.9 610.6
003 0.000 801.2 981.7 805.6 1006.2
003 0.000 1370.8 957.3 1413.0 1006.2
003 0.000 1274.6 969.3 1317.1 1006.2
003 0.000 1570.7 739.1 1596.1 845.8
003 0.000 1596.5 504.0 1599.9 504.9
003 0.000 1024.0 798.1 1046.6 841.8
003 0.000 1547.0 671.7 1568.1 702.2
003 0.000 1518.3 651.4 1590.9 1004.9
003 0.000 1540.4 504.0 1567.5 558.4
003 0.000 1070.6 945.1 1092.3 972.7
003 0.000 1585.4 509.9 1599.4 564.1
003 0.000 1560.3 504.0 1588.3 514.0
003 0.000 1002.8 959.8 1041.5 1006.2
003 0.000 1470.6 946.4 1508.0 1006.2
003 0.000 943.0 958.7 986.6 1006.2
003 0.000 1414.3 680.3 1569.4 1006.2
003 0.000 1569.6 781.8 1580.0 846.6
003 0.000 1463.3 504.0 1579.8 824.5
003 0.000 1599.9 889.1 1599.9 1006.2
003 0.000 1248.5 942.6 1291.1 1006.2
018 0.998 1899.1 639.5 2322.8 1061.9
018 0.380 1971.6 419.3 2144.0 1478.1
018 0.232 3148.9 32.5 3408.3 610.4
018 0.060 1.0 2668.1 215.1 3407.4
018 0.047 4221.1 1517.9 4376.9 1846.3
018 0.014 4700.1 3168.7 4862.3 3401.6
018 0.006 2511.6 3207.9 2691.7 3502.2
018 0.004 1763.7 8.7 3032.9 2349.8
018 0.003 2056.4 196.3 2241.6 1284.5
018 0.002 1241.4 1.0 2128.5 3086.5
018 0.002 4152.2 1431.7 4466.2 2013.9
018 0.001 17.8 778.6 460.9 3187.2
018 0.001 4763.9 3009.1 4941.1 3502.2
018 0.001 310.9 13.8 4325.9 3376.2
018 0.001 1571.7 498.7 2559.0 1365.3
018 0.001 4891.2 2984.0 4957.6 3360.8
018 0.001 530.9 3227.2 759.7 3493.2
018 0.001 4618.6 3145.6 4728.2 3417.1
018 0.000 2858.5 46.8 3357.1 1658.2
018 0.000 242.6 57.4 2223.8 1423.2
018 0.000 22.6 1.0 653.7 1707.8
018 0.000 1852.4 380.9 2015.6 2385.0
018 0.000 2214.7 1.0 2426.9 183.7
018 0.000 4297.7 1557.9 4427.8 1764.0
018 0.000 2138.9 67.9 2379.1 1265.3
018 0.000 2543.1 2498.2 2805.0 3502.2
018 0.000 2414.7 31.7 3804.4 2267.2
018 0.000 3534.0 1022.0 3650.7 1388.5
018 0.000 1884.4 559.3 1964.2 1565.9
018 0.000 2419.2 3204.8 2584.7 3502.2
018 0.000 1809.8 180.5 1916.3 2256.2
018 0.000 3452.1 2255.8 3612.1 2487.2
018 0.000 2215.9 1129.2 3573.6 3502.2
018 0.000 4896.3 661.1 4957.6 960.0
018 0.000 3401.8 1989.1 3575.2 2334.1
018 0.000 4494.7 3286.1 4619.7 3495.1
018 0.000 2887.8 1.0 4034.3 490.5
018 0.000 1.3 1.6 5.8 446.1
018 0.000 1060.8 1.0 1188.5 323.9
018 0.828 2456.5 3990.4 2749.4 4481.7
018 0.179 3487.9 4305.7 3653.0 4618.9
018 0.105 1732.9 3922.0 2949.8 4560.4
018 0.102 1739.0 3830.7 2129.4 4804.1
018 0.029 1457.4 3560.2 2028.1 5151.0
018 0.023 2332.5 3738.4 2823.9 5137.7
018 0.015 1.0 3508.0 3091.5 5082.8
018 0.007 3394.5 4133.0 3697.8 4815.8
018 0.007 1262.2 3686.9 1631.4 5005.7
018 0.003 2188.8 6558.6 2426.5 6992.3
018 0.002 198.9 6706.5 366.5 6975.8
018 0.002 1397.6 3853.3 1770.5 4601.9
018 0.001 2412.4 6505.8 2588.1 6852.6
018 0.001 4902.8 4157.4 4953.1 4484.7
018 0.001 2589.4 3844.2 3018.6 4464.7
018 0.001 549.6 3508.0 1813.5 4649.1
018 0.001 152.3 6681.5 267.0 6925.7
018 0.001 2309.1 6418.4 2487.1 6834.2
018 0.001 4760.7 6655.1 4953.1 7010.2
018 0.000 2379.1 3533.8 2610.7 4654.0
018 0.000 1017.6 3508.0 2219.0 6550.5
018 0.000 1059.1 3517.7 4467.4 6993.4
018 0.000 4863.7 5397.6 4953.1 5946.7
018 0.000 2032.9 6619.2 2196.1 6898.1
018 0.000 2247.5 6447.9 2386.6 6792.2
018 0.000 2592.6 3508.0 3745.2 5717.2
018 0.000 2566.7 6567.8 2721.6 6859.3
018 0.000 4897.1 5669.5 4953.1 6031.6
018 0.000 4293.2 6656.0 4618.2 7008.9
018 0.000 916.4 3508.0 1160.0 3676.3
018 0.000 3949.7 6514.2 4837.5 7010.2
018 0.000 1913.6 3587.4 2241.1 4539.9
018 0.000 1793.5 3580.9 2802.9 6753.3
018 0.452 9685.6 5148.6 9883.1 5632.8
018 0.016 9366.7 6497.9 9531.5 6862.4
018 0.008 9258.3 6492.8 9433.3 6876.6
018 0.005 9736.4 4107.3 9919.0 4570.8
018 0.005 9641.8 4179.6 9790.7 4551.9
018 0.004 9616.3 4095.3 9919.0 6035.7
018 0.004 9120.6 6315.5 9553.4 6991.9
018 0.003 9459.4 6354.1 9862.7 7010.2
018 0.003 8327.9 3508.0 8505.4 3512.2
018 0.002 8281.0 3508.0 8489.8 3539.3
018 0.001 9665.0 6597.9 9919.0 7009.0
018 0.001 9898.3 4302.0 9919.0 5626.7
018 0.001 8272.3 3508.0 8648.6 3715.8
018 0.000 7705.2 6441.5 7941.0 7010.2
018 0.000 8184.1 3508.0 8360.9 3511.9
018 0.000 9299.3 6245.0 9464.0 6718.3
018 0.000 9123.0 6682.7 9351.6 6981.9
018 0.000 8924.2 3508.0 9885.9 5630.7
018 0.000 9206.5 6376.2 9339.3 6756.0
018 0.000 7091.2 4319.5 7228.8 4727.2
018 0.000 8137.5 3508.0 8302.7 3525.6
018 0.000 6721.0 3648.4 9621.6 7010.2
018 0.000 9147.2 5195.5 9888.9 7010.2
018 0.000 4966.7 6601.6 5065.4 7007.6
018 0.000 9019.1 6593.2 9195.1 6982.2
018 0.000 7915.3 4500.3 7983.6 4969.0
018 0.000 8331.5 3543.1 9228.6 5437.2
018 0.000 9569.7 4086.6 9711.2 5021.6
018 0.000 9798.3 3508.0 9919.0 5473.9
036 0.998 622.2 472.8 900.0 743.4
036 0.061 710.9 341.3 791.7 954.1
036 0.045 659.7 134.7 862.6 947.7
036 0.028 1147.9 2163.5 1252.2 2335.1
036 0.003 3120.4 1422.5 3276.7 1819.1
036 0.003 656.3 412.0 727.4 943.9
036 0.003 1023.3 2139.8 1156.9 2333.4
036 0.002 311.0 369.1 923.5 933.5
036 0.002 978.2 2191.0 1538.5 2335.1
036 0.001 753.8 57.6 967.9 1106.4
036 0.001 116.1 42.9 1368.9 1212.4
036 0.001 1199.4 2174.3 1357.1 2335.1
036 0.001 613.0 351.8 688.9 1198.8
036 0.000 3148.6 1450.0 3266.7 1603.6
036 0.000 2609.6 2136.6 2776.0 2323.4
036 0.000 14.9 1.0 274.4 899.9
036 0.000 3080.8 1324.3 3286.5 2335.1
036 0.000 602.9 380.5 644.0 1035.2
036 0.000 2574.1 2154.9 2674.8 2278.2
036 0.000 3236.3 1529.4 3305.4 1833.3
036 0.000 1913.6 410.2 2027.1 668.3
036 0.000 29.4 669.6 219.3 2254.0
036 0.000 2534.1 2060.3 2651.7 2335.1
036 0.000 3091.8 1470.5 3185.3 1781.9
036 0.000 837.6 480.7 944.4 684.1
036 0.000 74.5 48.2 545.0 2297.6
036 0.000 3263.4 1938.5 3305.4 2335.1
036 0.000 1976.1 384.8 2095.0 610.0
036 0.000 3271.3 220.3 3305.4 524.8
036 0.000 600.7 477.0 1366.8 2260.2
036 0.000 5.2 1839.1 100.1 2149.5
036 0.000 151.0 647.5 749.7 1210.3
036 0.000 808.8 1927.3 1047.4 2335.1
036 0.000 209.8 1937.5 326.8 2106.7
043 0.028 622.2 1872.3 1679.6 3426.3
043 0.021 506.6 2985.2 1591.5 3493.6
043 0.018 223.9 1.0 2170.8 3143.9
043 0.016 1268.6 2101.7 2389.1 3475.7
043 0.016 1329.5 3021.0 1557.1 3460.3
043 0.010 1544.5 3078.8 1628.3 3493.3
043 0.008 1507.2 1.0 2340.6 2716.8
043 0.007 1974.6 1095.9 2429.6 3424.6
043 0.006 1.0 1115.3 409.6 3501.9
043 0.006 1664.6 3068.8 1734.4 3469.2
043 0.006 1211.7 2982.3 1424.0 3498.1
043 0.006 1001.2 2617.9 1206.0 3498.5
043 0.005 1.0 2496.7 966.3 3501.9
043 0.004 1.0 2188.5 172.9 3501.9
043 0.004 2145.1 2196.1 2445.4 3151.5
043 0.003 1.0 3251.2 4.9 3501.9
043 0.003 944.3 2820.8 1074.8 3501.9
043 0.003 1.0 1.0 68.1 528.3
043 0.003 1650.5 2777.7 1786.5 3493.8
043 0.003 1140.8 2846.5 1287.3 3501.9
043 0.003 14.1 300.0 115.3 991.4
043 0.002 1646.4 2245.7 1830.8 2979.6
043 0.002 1.2 1601.4 5.1 2558.5
043 0.002 1728.3 3027.3 1843.7 3479.0
043 0.002 2060.1 2604.2 2189.4 3099.7
043 0.002 1208.4 2677.3 1295.3 2955.9
043 0.002 1004.4 1.0 2034.0 1382.7
043 0.002 1040.2 3122.9 1106.8 3467.9
043 0.001 79.9 1.0 238.1 193.5
043 0.001 1613.1 2864.6 1708.3 3406.3
043 0.001 2276.9 2700.9 2465.6 3496.3
043 0.001 9.7 439.2 1079.8 2732.2
043 0.001 1756.4 2808.8 1960.9 3485.4
043 0.001 1123.9 2626.8 1195.1 2918.4
043 0.001 1976.8 2610.7 2071.0 3063.3
043 0.001 2193.3 2735.7 2292.9 3202.4
043 0.001 156.3 1.0 321.7 127.7
043 0.971 3755.7 6104.9 4002.2 6533.8
043 0.151 4126.0 5101.9 4316.0 5529.4
043 0.107 3703.8 5979.7 3927.8 7013.1
043 0.042 2569.5 5033.5 2679.3 5396.5
043 0.019 2481.0 5048.1 2581.5 5501.7
043 0.010 2681.4 5098.8 2834.2 5435.6
043 0.008 4051.1 4717.0 4367.1 5871.4
043 0.006 3812.8 4972.4 4306.2 5516.3
043 0.004 2481.0 3508.0 4198.2 6845.9
043 0.003 2481.0 5137.8 2495.4 5900.1
043 0.003 2481.0 3508.0 2614.4 5889.1
043 0.003 2481.0 3508.0 2925.1 5803.3
043 0.003 3429.7 4849.0 3535.1 5281.4
043 0.002 3405.2 5119.1 3499.9 5537.6
043 0.002 2533.2 5171.5 2712.5 5703.8
043 0.002 3502.1 3508.0 3810.3 3927.8
043 0.001 3011.9 3508.0 4049.8 4880.2
043 0.001 3367.0 5186.5 4036.8 7013.1
043 0.001 3378.7 3508.0 4161.6 4161.0
043 0.001 3542.5 3508.0 3805.1 3628.1
043 0.001 3275.4 5222.2 3340.2 5526.0
043 0.001 4677.0 4052.2 4834.6 4280.6
043 0.001 3588.7 6195.9 4297.0 6670.6
043 0.001 3766.2 4767.0 3849.1 5150.1
043 0.001 3551.8 4962.0 3720.6 5657.4
043 0.001 3731.2 3508.0 4644.5 6156.6
043 0.001 3674.0 5210.6 3760.2 5557.3
043 0.000 3691.2 4998.9 3819.9 5648.3
043 0.000 3709.0 3508.0 4779.1 4305.1
043 0.000 3793.1 4398.0 4103.5 5770.2
043 0.000 3881.4 6047.2 4143.2 6565.5
043 0.000 4423.9 3508.0 4607.1 3600.5
043 0.000 3589.1 3508.0 3797.4 3546.9
043 0.000 4300.0 3508.0 4441.0 3513.6
043 0.000 2481.0 5377.4 2542.2 5778.7
043 0.000 4543.5 3508.0 4705.0 3572.4
043 0.000 3651.5 5560.9 4591.7 7013.1
043 0.000 3955.8 5060.2 4184.2 5924.5
043 0.000 2481.0 5091.3 3139.4 6978.4
043 0.000 2481.0 4868.0 2484.6 5464.0
043 0.000 2481.0 4691.4 2509.1 5414.5
043 0.000 4806.2 3870.8 4904.7 4316.7
043 0.000 3438.3 3508.0 3610.9 3797.6
043 0.000 2562.2 5970.2 4013.1 6569.9
043 0.000 3690.2 6088.1 3772.9 6623.6
043 0.000 2541.5 6862.9 2718.2 7013.1
043 0.000 4956.9 6064.7 4956.9 6582.5
038 0.997 2392.2 56.0 2898.3 564.7
038 0.217 2474.6 1.0 2669.7 1007.1
038 0.008 2034.1 1.0 2763.3 929.6
038 0.006 4957.5 1350.6 4957.6 1989.3
038 0.005 218.9 1.0 2699.7 525.1
038 0.002 2586.2 1.0 2865.4 1599.3
038 0.001 2265.1 1.0 3301.2 1575.8
038 0.001 1.0 1.0 2517.9 1924.2
038 0.001 4593.0 1461.4 4695.4 1682.5
038 0.000 4901.9 491.1 4957.6 998.7
038 0.000 2432.8 5.5 2531.7 551.9
038 0.000 4496.5 3270.3 4830.5 3502.2
038 0.000 30.0 1.0 1123.3 1277.5
038 0.000 4904.0 1.0 4957.6 225.8
038 0.000 1317.0 522.6 2128.4 1120.0
038 0.000 4915.6 3117.3 4957.6 3502.2
038 0.000 1569.2 1.0 2620.5 2921.3
038 0.000 1584.7 711.3 2508.3 1331.9
038 0.000 1.0 3010.2 138.7 3478.1
038 0.000 11.1 1126.5 1207.0 3249.5
038 0.000 2485.4 630.1 2633.5 1158.4
038 0.000 2244.2 1.0 4478.6 3012.3
038 0.000 4764.5 3226.3 4947.6 3502.2
038 0.000 1.0 1.0 350.5 2035.4
038 0.000 2928.8 3036.8 3174.9 3494.3
038 0.000 2936.0 1168.8 3119.9 1406.0
038 0.000 3099.6 3114.3 3323.4 3502.2
038 0.000 4107.6 1.0 4801.5 1846.9
038 0.000 2551.5 175.6 2756.2 644.4
038 0.000 4764.5 1.0 4957.6 584.1
038 0.000 2339.2 26.0 3421.6 212.2
038 0.000 3021.1 1223.3 3168.6 1493.4
038 0.000 2118.3 1.0 2322.3 579.1
038 0.000 4904.0 2842.2 4957.6 3253.6
038 0.000 81.6 3183.8 339.7 3496.3
038 0.000 1.0 18.7 54.4 858.1
038 0.015 5454.5 2550.4 5683.2 2931.0
038 0.006 9917.5 1304.8 9917.6 1944.4
038 0.006 9917.5 2766.9 9917.6 3502.2
038 0.006 9917.0 1955.3 9917.6 2538.9
038 0.006 9903.2 1279.8 9917.6 2107.3
038 0.005 9904.5 2557.7 9917.6 3434.1
038 0.005 9914.9 1266.1 9917.6 2057.9
038 0.005 5407.7 2437.8 5593.2 3502.2
038 0.001 9858.0 2285.6 9917.6 2753.3
038 0.001 9884.2 1462.9 9917.6 1806.4
038 0.000 9886.3 2536.9 9917.6 2944.4
038 0.000 9884.5 1871.4 9917.6 2420.1
038 0.000 5222.3 2397.8 6032.7 2904.7
038 0.000 9854.6 3298.7 9917.6 3502.2
038 0.000 9880.8 967.5 9917.6 1444.7
038 0.000 8830.1 1.0 9737.8 2990.4
038 0.000 9876.5 2793.4 9917.6 3174.9
038 0.000 9876.8 1.0 9917.6 749.3
038 0.000 9867.0 457.5 9917.6 896.7
038 0.000 4961.0 1388.5 5044.4 1875.3
038 0.000 4961.0 1339.9 8723.3 3229.0
038 0.000 4961.0 726.3 4965.1 1302.4
038 0.000 7607.9 810.7 9391.3 3086.6
038 0.000 6525.9 809.7 7630.7 3151.4
038 0.000 6929.3 2490.8 8674.2 3431.6
038 0.000 4961.0 2059.4 6890.4 2905.4
038 0.000 7673.2 2968.7 7852.7 3482.3
038 0.000 9745.4 1850.2 9908.8 2822.0
038 0.000 6923.2 3141.8 7120.0 3502.2
038 0.000 6312.8 1.0 6510.0 91.9
038 0.000 7595.5 1863.3 7715.8 2484.2
038 0.000 4961.0 606.5 5193.3 3208.6
038 0.019 422.3 5154.9 666.0 5660.7
038 0.007 4953.1 6036.9 4953.1 6461.6
038 0.006 4953.1 6201.9 4953.1 7010.2
038 0.005 4951.6 3982.7 4953.1 4396.3
038 0.003 82.6 5073.2 834.2 5619.1
038 0.001 335.8 4829.9 552.8 5904.7
038 0.001 4929.3 4370.1 4953.1 4817.0
038 0.001 4905.6 6366.7 4953.1 7010.2
038 0.001 4933.3 3980.2 4953.1 4423.2
038 0.000 385.9 5278.0 533.6 5598.9
038 0.000 3191.4 6170.3 3336.6 7010.2
038 0.000 1.0 4674.2 5.7 5350.4
038 0.000 2655.7 5045.6 2815.3 5386.0
038 0.000 2132.8 4673.9 4399.8 6859.5
038 0.000 1.0 4591.4 1677.0 5577.8
038 0.000 485.5 4987.3 948.0 5497.8
038 0.000 1174.5 6788.1 1584.8 6998.2
038 0.000 143.8 4520.9 430.0 5818.8
038 0.000 65.9 5053.1 291.4 5850.0
038 0.000 3627.7 4468.6 4681.4 6804.6
038 0.000 1.0 4576.6 121.1 5413.3
038 0.000 1700.9 6584.0 1923.2 7010.2
038 0.000 987.0 6755.5 1306.5 6999.2
038 0.000 4918.4 4724.1 4953.1 5032.6
038 0.000 3243.1 4729.5 3409.5 4923.0
056 0.999 424.4 79.2 491.5 165.9
056 0.802 443.8 48.5 468.6 202.9
056 0.015 463.1 1.0 489.5 263.2
056 0.013 308.8 74.1 446.2 186.6
056 0.010 34.6 440.7 69.1 489.4
056 0.005 1.0 1.0 534.4 218.5
056 0.004 358.9 121.4 516.0 215.5
056 0.004 391.4 5.7 485.4 259.9
056 0.003 332.9 176.0 449.0 256.7
056 0.002 325.5 1.0 522.2 429.9
056 0.002 3.6 1.0 135.4 278.9
056 0.002 486.5 227.2 497.6 295.4
056 0.001 439.1 8.5 560.8 208.6
056 0.001 72.3 436.6 97.5 490.2
056 0.001 1.0 64.3 696.4 450.7
056 0.001 199.4 116.1 366.3 228.9
056 0.001 461.6 90.8 494.0 146.9
056 0.001 487.0 23.0 517.1 191.8
056 0.001 72.9 160.1 254.9 459.0
056 0.001 258.1 1.0 394.7 294.0
056 0.000 417.6 75.4 448.7 245.3
056 0.000 5.1 446.1 30.8 487.4
056 0.000 464.5 113.3 486.3 179.1
056 0.000 414.6 151.8 435.1 256.3
056 0.000 445.3 153.1 463.2 205.0
056 0.000 22.8 133.0 44.9 196.0
056 0.000 222.7 443.6 248.3 490.0
056 0.000 25.4 428.4 50.5 478.9
056 0.000 429.2 85.2 442.2 168.6
056 0.000 437.3 108.9 456.4 174.4
056 0.000 676.2 462.1 710.4 490.2
056 0.000 516.2 1.0 554.8 21.2
056 0.000 53.2 427.6 82.6 490.2
056 0.000 413.4 89.2 487.8 117.1
056 0.000 402.1 219.7 585.5 481.1
056 0.000 509.6 265.5 527.1 294.5
056 0.000 7.0 1.0 56.1 476.2
056 0.000 10.6 315.5 206.6 490.2
056 0.000 641.2 463.4 672.5 490.2
056 0.001 1422.9 616.7 1450.7 680.3
056 0.001 965.2 720.1 991.9 770.9
056 0.000 1410.4 640.8 1436.4 681.5
056 0.000 1391.1 537.0 1445.9 706.0
056 0.000 984.1 723.2 1002.5 772.5
056 0.000 1434.2 583.0 1464.5 684.1
056 0.000 993.4 718.9 1011.3 756.9
056 0.000 1539.0 491.0 1564.7 491.7
056 0.000 851.4 491.0 879.7 538.6
056 0.000 936.0 638.8 1107.7 972.3
056 0.000 1563.2 946.9 1599.4 980.2
056 0.000 1451.7 591.9 1473.3 664.1
056 0.000 1552.5 491.0 1577.4 493.8
056 0.000 873.2 638.0 1479.8 977.3
056 0.000 1356.0 491.0 1551.9 716.9
056 0.000 1051.5 491.0 1244.6 544.1
056 0.000 1052.0 517.3 1246.7 961.8
056 0.000 1522.5 491.0 1549.5 499.0
056 0.000 823.7 491.0 883.8 582.7
056 0.000 957.3 712.6 976.1 750.0
056 0.000 1416.7 579.1 1571.0 972.9
056 0.000 1001.0 731.0 1019.5 763.7
056 0.000 999.6 829.4 1037.7 923.1
056 0.000 1532.5 491.0 1592.2 809.0
056 0.000 979.4 729.2 1029.1 955.4
067 0.999 1518.4 389.1 2006.9 1058.6
067 0.844 4329.0 1653.9 4528.6 1943.2
067 0.459 1588.6 191.4 1708.6 1278.9
067 0.069 1625.2 1.0 1851.2 1584.7
067 0.027 4268.4 1589.8 4641.4 2141.0
067 0.006 1341.9 8.6 2074.9 1714.6
067 0.004 1029.0 417.2 1865.7 1270.8
067 0.001 58.7 281.3 2640.8 942.0
067 0.001 4924.0 1.0 4957.6 399.9
067 0.001 1.0 53.4 609.8 1816.2
067 0.001 1899.8 96.4 2036.8 1241.9
067 0.001 1.0 62.1 232.2 1398.1
067 0.001 1450.1 1.0 2582.2 3125.5
067 0.000 1684.5 1304.1 1746.4 1575.1
067 0.000 213.3 25.9 1804.7 2163.0
067 0.000 196.4 815.6 1133.8 1565.3
067 0.000 1952.3 77.6 2182.5 1810.7
067 0.000 4812.9 3069.4 4956.6 3502.2
067 0.000 1685.6 437.1 1818.6 1108.7
067 0.000 1.0 1259.5 43.8 1995.0
067 0.000 447.9 55.8 4328.6 3204.8
067 0.000 1013.2 1123.5 1831.6 1677.9
067 0.000 1398.8 912.3 1495.6 1439.9
067 0.000 1417.0 1262.8 1498.8 1598.3
067 0.000 231.4 86.3 1073.1 1203.8
067 0.000 4627.8 1.0 4784.5 436.0
067 0.000 4869.2 1.0 4957.6 180.0
067 0.000 1.0 2.8 840.2 525.6
067 0.000 4073.8 1.0 4872.3 748.2
067 0.000 2049.4 92.9 2163.1 1120.4
067 0.000 1.0 1.0 23.1 628.7
067 0.000 2155.9 2266.6 2363.1 2796.7
067 0.000 3046.7 3465.5 3284.3 3502.2
067 0.000 2359.6 1.0 3570.0 410.6
067 0.000 2274.5 1308.5 4386.9 2147.4
067 0.000 1867.6 523.6 2194.4 1044.0
067 0.000 1493.0 140.7 2549.2 505.4
067 0.000 4523.2 1.0 4902.9 1868.1
067 0.000 4251.7 1366.5 4422.8 2780.1
067 0.000 3204.1 1115.5 4641.5 3502.2
067 0.000 3489.3 3502.2 3831.3 3502.2
067 0.000 3504.2 87.3 4717.5 2286.6
067 0.000 1506.8 598.8 1598.8 1156.6
067 0.000 1819.1 464.6 1959.7 1048.8
067 0.000 634.5 2222.6 4104.7 3502.2
067 0.000 3183.5 3412.8 3486.8 3502.2
067 0.000 2087.9 195.3 2314.9 1119.4
067 0.000 4237.1 326.7 4859.4 3502.2
067 0.000 2943.7 1.0 4048.3 715.5
067 0.000 3976.4 1323.7 4797.5 2549.0
067 0.000 4165.9 3502.1 4364.0 3502.2
067 0.000 3521.3 3341.3 3829.5 3502.2
067 0.006 9917.5 471.1 9917.6 1248.1
067 0.006 9903.3 639.6 9917.6 1319.1
067 0.001 6791.9 3298.9 6993.4 3502.2
067 0.001 6905.4 3229.4 7092.0 3501.3
067 0.001 9866.3 1.0 9917.6 201.8
067 0.000 9870.3 2509.8 9917.6 2871.8
067 0.000 9872.7 2177.0 9917.6 2515.4
067 0.000 9477.9 1.0 9917.6 112.2
067 0.000 9740.7 1.0 9917.6 306.2
067 0.000 9418.0 1.0 9599.3 123.0
067 0.000 9256.7 1.0 9458.7 100.2
067 0.000 6856.8 3149.4 7000.8 3406.0
067 0.000 7044.0 3266.9 7203.6 3502.2
067 0.000 9862.0 359.2 9917.6 1341.3
067 0.000 6425.4 9.0 6643.4 134.0
067 0.000 6649.2 3233.1 7451.0 3502.2
067 0.000 8624.3 5.9 8859.6 123.5
067 0.000 5117.1 152.2 5288.5 665.5
067 0.000 4972.6 1.0 5068.5 153.5
067 0.000 7864.4 16.3 8077.6 239.3
067 0.000 5412.7 1.0 5578.0 396.8
067 0.000 7154.4 17.4 7360.1 201.8
067 0.000 5742.4 1.0 5891.8 367.2
067 0.000 5254.4 1.0 5437.1 446.7
067 0.000 6781.2 10.8 6995.5 172.0
067 0.000 8824.8 3.1 9052.7 126.2
067 0.000 7263.4 14.1 7473.6 190.6
067 0.000 6464.5 18.8 6639.6 439.4
067 0.000 8266.1 9.8 8476.5 152.4
067 0.000 8447.1 8.4 8668.3 151.1
067 0.000 9144.8 1.0 9359.8 170.2
067 0.000 7814.0 25.8 7988.4 414.2
067 0.000 9832.5 3140.1 9917.6 3502.2
067 0.000 6572.0 14.2 6786.4 203.7
067 0.000 7710.4 15.9 7922.9 191.0
067 0.000 5840.8 1.0 5987.0 412.6
067 0.391 1216.6 5114.6 1436.6 5500.6
067 0.302 2825.7 6666.4 3033.1 6998.2
067 0.222 3246.9 5707.1 3671.7 6188.0
067 0.028 3361.8 5800.1 3544.7 6078.6
067 0.005 3281.7 5626.3 3454.1 6757.4
067 0.004 2765.1 6758.0 2927.8 6988.2
067 0.002 4925.1 6265.6 4953.1 6732.8
067 0.001 438.3 6735.1 650.4 6997.4
067 0.001 4924.4 5418.4 4953.1 5775.2
067 0.001 1274.8 5314.3 1431.0 5623.1
067 0.001 4911.6 6091.7 4953.1 6484.9
067 0.001 4919.8 5864.7 4953.1 6299.2
067 0.001 2893.5 6655.3 3682.3 7010.2
067 0.000 980.2 5047.1 1781.7 5583.0
067 0.000 2439.6 4348.3 2650.0 4743.4
067 0.000 566.6 6784.1 713.1 6998.7
067 0.000 2978.2 5852.6 3869.6 6370.1
067 0.000 2480.5 5439.7 4400.0 6207.6
067 0.000 1102.6 4643.7 1271.2 6060.0
067 0.000 2156.8 5680.5 4452.6 7008.9
067 0.000 3448.9 5543.0 3619.5 6104.5
067 0.000 2357.1 6625.4 3163.0 7010.2
067 0.000 133.3 4679.6 4123.2 7010.2
067 0.000 4874.4 6675.7 4953.1 7010.2
067 0.000 3709.8 5906.2 4719.8 7001.5
067 0.000 2996.6 6835.1 3219.1 7005.6
067 0.000 475.2 4800.4 1490.5 5750.8
067 0.000 4618.5 6368.1 4922.2 7010.2
067 0.000 1344.2 5548.4 1512.9 5773.8
067 0.000 3463.2 6612.5 3721.0 7010.2
067 0.000 4309.4 6347.9 4490.4 7010.2
067 0.000 3998.4 6584.5 4183.2 7010.2
067 0.000 2642.4 6624.7 2847.2 7010.2
067 0.000 4124.2 6354.0 4335.6 7010.2
074 0.998 899.1 456.2 1352.5 1082.1
074 0.020 1029.3 115.9 1314.5 2096.9
074 0.010 346.0 447.9 1250.6 1200.0
074 0.003 807.4 295.8 1045.8 1494.1
074 0.002 1233.8 193.5 1369.0 1553.7
074 0.002 1.0 719.0 5.6 1325.0
074 0.001 20.7 3183.8 268.2 3502.2
074 0.001 1.0 69.2 1604.9 1919.3
074 0.001 1664.5 3174.7 1816.0 3502.2
074 0.001 1593.3 3067.9 1739.2 3460.8
074 0.000 2409.0 2695.2 2559.8 3024.1
074 0.000 4714.2 3063.0 4949.5 3490.7
074 0.000 4852.0 2823.3 4957.6 3438.6
074 0.000 341.0 920.7 1270.9 1486.7
074 0.000 573.5 742.8 747.7 1429.8
074 0.000 730.8 235.5 1802.9 1281.1
074 0.000 1.2 1.0 120.4 188.9
074 0.000 1.0 1.0 5.7 673.6
074 0.000 1.0 889.0 493.4 1534.7
074 0.000 552.7 206.4 2131.6 3295.5
074 0.000 1767.4 3243.1 1917.5 3502.2
074 0.000 2464.0 2807.8 2669.7 3102.3
074 0.000 1.0 34.2 325.1 1876.0
074 0.000 1176.6 1.0 1560.5 1993.0
074 0.000 1.0 1305.3 897.2 1810.4
074 0.000 2313.2 2549.9 2688.3 3111.7
074 0.000 4846.1 1.0 4957.6 94.2
074 0.000 4895.1 76.1 4957.6 354.2
074 0.000 2160.6 561.1 3442.2 3380.9
074 0.000 1505.0 3007.0 1658.0 3423.7
074 0.000 3937.9 821.6 4079.4 1069.7
074 0.000 1368.1 3087.5 1530.6 3502.2
074 0.000 3244.7 3220.8 3443.2 3502.2
074 0.000 857.3 602.3 992.6 1031.9
074 0.000 2353.0 2897.3 2569.3 3502.2
074 0.000 1059.6 721.7 1170.4 1453.2
074 0.000 746.8 639.8 844.3 1138.6
074 0.000 3113.2 834.8 4235.6 3408.7
074 0.006 9917.5 1402.7 9917.6 2026.0
074 0.006 9917.5 510.7 9917.6 1143.2
074 0.006 9917.5 842.1 9917.6 1565.4
074 0.006 9917.5 2868.1 9917.6 3502.2
074 0.004 9891.0 1945.3 9917.6 2354.6
074 0.002 6991.6 2310.3 7161.6 2766.9
074 0.001 9884.2 82.3 9917.6 413.6
074 0.000 6952.0 2321.6 7367.9 2948.8
074 0.000 9873.3 953.2 9917.6 1968.4
074 0.000 9868.2 2906.4 9917.6 3330.5
074 0.000 9859.9 1478.0 9917.6 2353.4
074 0.000 9838.5 181.0 9917.6 495.4
074 0.000 4968.6 1.0 5105.3 262.6
074 0.000 5033.9 1.0 5221.7 185.9
074 0.000 6011.4 2035.6 8026.7 3502.2
074 0.000 7219.0 2691.6 7489.3 3502.2
074 0.000 8779.9 2817.8 9738.2 3502.2
074 0.000 9605.3 1.0 9917.6 2435.4
074 0.000 6771.1 2247.8 7124.5 2919.5
074 0.000 9827.3 3233.9 9917.6 3502.2
074 0.000 7479.9 1631.4 9547.5 3502.2
074 0.000 4961.0 1003.5 5247.0 3473.4
074 0.000 8964.9 3075.0 9236.1 3477.6
074 0.000 7040.8 2624.8 7187.9 2870.8
074 0.000 9840.2 848.0 9917.6 1241.1
074 0.000 4961.0 501.8 5850.2 3404.0
074 0.000 4961.0 54.3 5218.7 1977.1
074 0.000 9513.2 1025.3 9650.9 1311.4
074 0.000 8706.7 722.2 9774.2 3495.2
074 0.153 77.5 6558.0 260.4 6991.4
074 0.027 26.2 6461.8 157.1 7010.2
074 0.006 4953.1 4805.2 4953.1 5731.2
074 0.002 38.3 6587.2 771.2 7009.3
074 0.001 4941.1 3508.0 4953.1 5303.8
074 0.001 4934.3 6725.3 4953.1 7010.2
074 0.001 4931.3 4585.7 4953.1 4964.6
074 0.000 10.0 6291.6 43.3 7010.2
074 0.000 1657.9 4845.0 1791.8 5179.5
074 0.000 1735.6 4893.2 1852.8 5177.9
074 0.000 15.6 5577.6 210.7 7010.2
074 0.000 523.2 5092.0 688.5 5443.6
074 0.000 93.4 3508.0 331.0 3678.4
074 0.000 2.0 6191.9 6.5 7010.2
074 0.000 4906.1 6610.3 4953.1 7010.2
074 0.000 2758.2 3508.0 2918.4 3551.9
074 0.000 3406.2 4189.9 3570.6 4429.5
074 0.000 2727.3 3508.0 2865.4 3512.5
074 0.000 4853.6 4375.6 4953.1 4789.9
074 0.000 2583.2 3508.0 2743.9 3576.8
074 0.000 2853.9 3508.0 3010.4 3513.2
074 0.000 1756.2 5035.2 1891.2 5262.8
074 0.000 2001.9 6818.2 2231.9 7010.2
074 0.000 6.0 4433.8 1023.1 7010.2
074 0.000 46.0 4981.5 3003.7 7010.2
074 0.000 2024.0 4402.4 4462.3 7010.2
074 0.000 572.3 4883.5 709.1 5326.1
074 0.000 3530.3 4107.6 3689.2 4359.2
074 0.000 135.6 6830.7 615.8 6983.9
