003 0.001 285.9 441.0 325.3 502.1
003 0.000 793.1 1.0 799.9 34.1
003 0.000 1.0 364.0 4.6 478.7
003 0.000 1.0 375.1 15.1 503.2
003 0.000 1.0 1.0 8.2 348.8
003 0.000 264.1 425.6 304.5 503.2
003 0.000 1590.3 635.6 1599.9 754.3
003 0.000 1588.5 538.5 1599.9 655.5
003 0.000 1599.9 623.5 1599.9 675.7
003 0.000 1587.0 758.4 1599.9 830.7
003 0.000 1036.1 787.7 1059.6 825.7
003 0.000 1599.9 787.1 1599.9 858.1
003 0.000 1599.9 584.3 1599.9 646.0
003 0.000 1581.7 681.2 1599.4 803.3
003 0.000 1597.5 504.0 1599.9 607.4
003 0.000 1580.1 543.8 1593.2 595.6
003 0.000 1022.7 798.7 1047.3 840.6
003 0.000 1596.6 504.0 1599.9 504.9
003 0.000 1599.9 894.8 1599.9 1006.2
003 0.000 1347.1 962.3 1381.4 1006.2
003 0.000 1566.4 504.0 1598.5 629.4
018 0.088 3195.6 49.6 3422.9 557.8
018 0.028 2486.5 3229.4 2646.2 3502.2
018 0.018 4212.4 1510.1 4332.3 1783.6
018 0.002 4690.8 3156.0 4872.1 3398.7
018 0.001 2575.0 3200.1 2741.6 3502.2
018 0.001 4301.7 1552.8 4433.6 1740.8
018 0.001 3529.5 1077.4 3681.1 1299.9
018 0.000 4889.8 2994.0 4957.6 3340.0
018 0.000 4754.4 3000.6 4946.3 3502.2
018 0.000 3456.4 992.5 3615.0 1386.0
018 0.000 4140.4 1425.8 4510.4 2022.5
018 0.000 1.0 2620.8 212.2 3440.5
018 0.000 2044.7 612.6 2214.4 1013.4
018 0.000 4599.4 3125.5 4729.7 3408.4
018 0.000 3023.6 32.2 3707.2 632.6
018 0.815 1820.1 3905.2 2149.1 4535.9
018 0.393 2493.7 3943.9 2728.3 4409.4
018 0.152 3515.6 4319.4 3660.3 4576.2
018 0.140 1796.2 3925.0 2981.9 4508.8
018 0.087 1699.5 3730.8 2016.6 4841.1
018 0.032 1499.8 3917.6 1835.8 4524.4
018 0.018 2390.9 3829.0 2655.5 4685.8
018 0.001 4750.1 6669.3 4950.3 7009.0
018 0.001 2379.5 6426.9 2546.4 6813.2
018 0.001 3420.9 4307.8 3586.8 4524.8
018 0.000 1494.7 3812.2 3640.6 5024.0
018 0.000 2479.5 6516.4 2636.8 6741.8
018 0.000 2175.3 6549.8 2412.4 6977.1
018 0.000 2332.6 6424.8 2439.3 6579.6
018 0.000 1318.2 3508.1 1761.2 5098.0
018 0.000 3371.5 4131.2 3715.0 4800.6
018 0.000 697.1 3508.0 2045.0 4598.4
018 0.000 2285.4 6331.6 2476.4 6770.5
018 0.000 2024.4 6607.9 2193.5 6883.4
018 0.000 2590.7 3872.2 3019.4 4387.7
018 0.000 2269.1 3720.0 2817.0 5185.9
018 0.000 3144.2 4908.9 3321.7 5094.6
018 0.000 2226.4 6442.5 2373.4 6762.7
018 0.000 4899.1 4170.7 4953.1 4471.7
018 0.075 9689.4 5232.1 9874.5 5561.5
018 0.009 9198.9 6280.6 9423.9 6846.2
018 0.005 9316.5 6251.2 9523.3 6776.7
018 0.002 9724.6 4115.6 9919.0 4549.4
018 0.001 9608.9 4957.7 9900.6 5770.0
018 0.001 9437.0 6343.9 9858.0 6992.3
018 0.001 9288.1 6259.4 9454.8 6489.7
018 0.000 9897.5 4331.4 9919.0 5567.0
018 0.000 7842.6 6462.2 7970.4 6664.0
018 0.000 9670.8 3993.5 9829.7 4736.5
018 0.000 9646.6 6600.5 9909.1 7000.9
018 0.000 9613.1 4189.5 9774.3 4527.3
018 0.000 7696.6 6451.4 7947.2 6992.4
018 0.000 8923.8 6013.9 9854.9 7010.2
018 0.000 9676.7 4138.6 9851.1 4349.3
018 0.000 9247.0 6590.1 9380.4 6876.7
018 0.000 9046.3 6412.1 9291.4 6880.3
018 0.000 9209.5 6223.5 9359.6 6526.2
018 0.000 9776.7 4921.0 9912.6 5503.5
036 0.355 1148.7 2162.3 1251.8 2335.1
036 0.025 3159.1 1542.5 3272.1 1685.6
036 0.009 1056.5 2071.2 1228.8 2335.1
036 0.007 1106.8 2168.7 1477.1 2335.1
036 0.006 3115.2 1429.2 3283.8 1807.6
036 0.001 3145.8 1454.7 3266.4 1585.2
036 0.001 3100.9 1478.4 3218.5 1658.0
036 0.000 3224.8 1434.3 3305.4 1662.4
036 0.000 3059.0 1589.4 3192.3 1827.4
036 0.000 3236.1 1544.3 3305.4 1819.9
036 0.000 3063.1 1335.1 3290.5 2321.1
036 0.000 2594.5 2134.2 2784.1 2328.2
036 0.000 3269.5 225.0 3305.4 516.5
036 0.000 1.0 1848.9 98.8 2114.4
036 0.000 97.6 1798.2 204.2 2032.4
036 0.000 1912.2 417.5 2040.4 662.1
036 0.000 24.7 1781.3 134.4 1967.5
036 0.000 3261.1 1953.8 3305.4 2321.1
043 0.001 1295.1 2914.5 1412.2 3448.0
043 0.001 642.5 1775.8 1683.6 3468.5
043 0.437 4148.9 5161.2 4307.1 5450.4
043 0.129 3819.9 6110.6 3979.7 6434.6
043 0.005 4129.2 4878.6 4271.0 5709.5
043 0.002 3653.8 6060.8 4090.0 6586.3
043 0.001 4038.2 5088.7 4500.9 5578.4
043 0.001 2574.1 4998.6 2679.4 5450.9
043 0.000 2481.0 5023.9 2578.6 5564.1
043 0.000 3766.2 6164.7 3890.6 6434.4
043 0.000 2520.9 5171.3 2655.1 5632.4
043 0.000 3614.8 3508.0 3788.4 3544.1
043 0.000 2693.6 5066.6 2834.6 5523.6
038 0.003 4957.6 1366.9 4957.6 1970.5
038 0.001 4897.8 512.7 4957.6 984.7
038 0.000 1.0 3019.4 141.5 3481.1
038 0.000 4481.7 3269.7 4835.7 3502.2
038 0.000 4912.9 3126.4 4957.6 3502.2
038 0.000 2504.5 1.0 2928.1 706.6
038 0.000 87.0 3193.4 343.2 3494.2
038 0.000 1.0 2756.0 28.4 3498.3
038 0.000 4753.4 3229.2 4946.5 3502.2
038 0.000 4897.6 1.0 4957.6 210.6
038 0.000 240.3 3277.7 467.2 3502.2
038 0.000 4593.5 1459.4 4702.1 1690.4
038 0.000 2493.4 1.0 2656.9 1304.8
038 0.000 2917.7 3026.6 3187.9 3494.9
038 0.977 5463.6 2505.2 5640.0 2907.0
038 0.040 5398.4 2525.7 5540.1 2824.7
038 0.015 5384.7 2423.9 5593.0 3486.3
038 0.003 9917.6 2786.3 9917.6 3502.2
038 0.003 9917.6 1321.1 9917.6 1925.5
038 0.002 9902.9 1302.2 9917.6 2081.8
038 0.002 9917.0 1971.9 9917.6 2520.6
038 0.002 9904.4 2583.5 9917.6 3404.8
038 0.002 9914.8 1287.7 9917.6 2033.2
038 0.000 4961.0 3301.0 4967.1 3502.2
038 0.000 5239.8 2373.8 6108.5 2922.7
038 0.000 9881.8 1472.5 9917.6 1793.8
038 0.000 9881.6 2554.3 9917.6 2927.1
038 0.000 9880.3 1892.4 9917.6 2403.8
038 0.000 9851.2 2297.6 9917.6 2733.2
038 0.000 9852.0 3303.5 9917.6 3502.2
038 0.000 9876.3 983.4 9917.6 1438.4
038 0.000 9872.1 2810.8 9917.6 3160.4
038 0.000 9872.6 1.0 9917.6 712.3
038 0.000 9861.2 471.4 9917.6 881.6
038 0.046 516.9 5211.6 647.6 5511.4
038 0.018 431.0 5135.1 666.9 5704.2
038 0.003 4953.1 6047.7 4953.1 6448.8
038 0.003 4951.6 3992.6 4953.1 4383.9
038 0.003 4953.1 6224.9 4953.1 7007.5
038 0.001 58.8 5051.7 854.6 5638.5
038 0.001 330.6 5130.2 492.2 5463.3
038 0.001 3187.8 6213.4 3336.7 6983.9
038 0.000 4928.5 4382.5 4953.1 4800.1
038 0.000 4932.5 3996.1 4953.1 4404.6
038 0.000 333.7 4769.1 550.5 5966.3
038 0.000 3191.5 6072.2 3393.8 6427.8
038 0.000 4902.4 6397.1 4953.1 7006.6
038 0.000 3381.5 6043.1 3514.0 6314.8
038 0.000 462.1 4942.8 584.2 5516.2
038 0.000 399.7 5295.0 547.4 5636.8
056 0.034 34.2 438.3 69.3 490.1
056 0.004 72.1 437.7 99.2 490.2
056 0.000 23.3 426.7 50.4 477.0
056 0.000 2.8 445.6 29.3 488.4
056 0.000 440.1 66.4 496.4 158.6
056 0.000 599.3 446.2 648.4 490.2
056 0.000 222.1 442.9 248.3 489.1
056 0.000 21.3 135.1 45.1 189.6
056 0.000 632.3 442.6 657.0 481.2
056 0.000 448.8 26.9 467.2 212.4
056 0.000 676.8 462.7 709.9 490.0
056 0.000 28.4 232.4 47.7 279.0
056 0.000 187.2 425.9 221.4 489.9
056 0.008 1433.6 589.6 1464.2 674.6
056 0.007 964.4 720.1 993.4 768.8
056 0.006 1421.7 618.5 1450.9 678.8
056 0.002 1451.2 596.1 1473.1 654.9
056 0.001 1408.5 640.2 1436.4 681.1
056 0.001 1401.1 524.3 1457.8 685.9
056 0.001 983.3 724.4 1004.1 770.6
056 0.000 849.9 491.0 880.3 531.0
056 0.000 954.0 713.6 976.6 745.3
056 0.000 1403.7 534.1 1427.0 584.7
056 0.000 999.4 840.5 1022.9 893.6
056 0.000 992.0 719.8 1013.2 755.7
056 0.000 1560.5 946.1 1599.2 980.2
056 0.000 859.5 506.0 886.0 552.0
056 0.000 1396.5 491.2 1434.8 560.5
056 0.000 1014.3 841.6 1049.8 890.0
056 0.000 1529.6 939.1 1575.7 980.2
056 0.000 1389.0 643.6 1415.8 687.2
056 0.000 1303.2 824.2 1329.9 861.0
056 0.000 974.2 738.7 1031.7 935.8
067 0.056 4347.1 1629.8 4525.5 1891.4
067 0.000 4922.1 1.0 4957.6 381.2
067 0.000 4262.7 1553.0 4662.0 2162.4
067 0.000 1555.7 524.9 2210.7 889.4
067 0.000 1679.7 323.3 1902.8 1038.9
067 0.000 4808.3 3070.7 4952.9 3502.2
067 0.000 1534.8 1.0 1852.6 1398.5
067 0.000 4859.3 1.0 4957.6 168.3
067 0.000 1.0 1.0 602.7 2033.5
067 0.000 1.0 1238.8 43.6 2099.3
067 0.003 9917.6 490.9 9917.6 1225.1
067 0.003 9917.6 1.0 9917.6 822.3
067 0.002 9903.1 659.4 9917.6 1296.0
067 0.001 6849.8 3144.8 7000.9 3392.1
067 0.001 6893.7 3222.4 7095.6 3502.2
067 0.000 6781.2 3293.7 6994.1 3501.3
067 0.000 6762.6 3074.0 6929.3 3403.1
067 0.000 9863.6 2522.4 9917.6 2865.8
067 0.000 9860.5 1.0 9917.6 188.9
067 0.000 9865.6 2188.5 9917.6 2506.0
067 0.000 7025.6 3273.6 7203.5 3499.4
067 0.936 3384.5 5734.5 3546.7 6018.3
067 0.406 1264.6 5120.7 1422.7 5462.6
067 0.292 3300.0 5733.6 3483.6 6153.2
067 0.028 3173.3 5688.7 3654.2 6319.0
067 0.008 2789.8 6640.2 3031.7 7007.7
067 0.001 1270.3 5311.9 1444.0 5636.0
067 0.001 1152.3 5002.7 1569.8 5528.2
067 0.001 4924.3 6279.1 4953.1 6714.6
067 0.001 4909.5 6104.1 4953.1 6471.7
067 0.001 4917.6 5874.3 4953.1 6287.5
067 0.001 4922.0 5426.5 4953.1 5778.3
067 0.000 415.7 6727.1 641.5 6996.3
067 0.000 2446.3 4365.0 2670.6 4745.5
067 0.000 2785.4 6648.1 3686.2 7010.2
067 0.000 3448.9 5478.0 3624.2 6068.4
067 0.000 552.0 6789.1 703.8 6995.1
067 0.000 2699.5 6759.0 2895.9 6991.4
067 0.000 3229.4 5080.9 3436.5 6929.7
074 0.004 84.0 3193.0 259.2 3475.9
074 0.002 1627.2 3085.2 1821.3 3502.2
074 0.002 2401.6 2683.6 2565.3 3026.3
074 0.001 1523.6 3051.3 1664.6 3425.8
074 0.000 1.2 3120.7 141.7 3502.2
074 0.000 4849.8 2835.0 4957.6 3414.9
074 0.000 4699.5 3057.9 4947.4 3488.9
074 0.000 2458.9 2792.2 2685.7 3100.1
074 0.000 2443.8 2595.5 2596.7 2850.1
074 0.000 2258.7 2534.3 2692.7 3102.0
074 0.000 1025.6 354.5 1396.5 1169.4
074 0.000 1355.4 3099.0 1537.1 3499.4
074 0.000 1078.0 153.9 1210.9 1424.9
074 0.000 1760.7 3241.4 1926.4 3502.2
074 0.000 3244.8 3224.1 3449.4 3502.2
074 0.000 4891.0 87.1 4957.6 346.9
074 0.000 2377.2 2518.9 2533.5 2806.1
074 0.000 4842.1 1.0 4957.6 92.1
074 0.291 6975.3 2333.3 7159.6 2641.3
074 0.003 9917.6 1418.6 9917.6 2007.6
074 0.003 9917.6 860.5 9917.6 1544.0
074 0.003 9917.6 2884.9 9917.6 3502.2
074 0.003 9917.6 526.8 9917.6 1124.5
074 0.001 9889.1 1953.4 9917.6 2339.3
074 0.001 6843.1 2276.2 7339.4 2864.1
074 0.000 9865.9 149.0 9917.6 450.2
074 0.000 7079.8 2417.7 7238.3 2622.2
074 0.000 9867.5 982.5 9917.6 1933.8
074 0.000 9858.4 2923.8 9917.6 3317.4
074 0.000 7671.6 2250.2 7801.8 2526.1
074 0.008 76.1 6523.1 270.7 7002.0
074 0.006 1672.8 4838.1 1832.6 5138.8
074 0.003 4953.1 4827.7 4953.1 5706.5
074 0.001 9.1 6401.9 164.8 7010.2
074 0.001 1589.3 4782.7 1743.3 5135.2
074 0.001 1774.5 4858.3 1891.7 5159.6
074 0.000 4940.4 3508.0 4953.1 5238.9
074 0.000 4933.7 6730.7 4953.1 7010.2
074 0.000 4930.6 4594.6 4953.1 4955.1
074 0.000 529.4 4965.1 713.7 5413.6
074 0.000 12.8 6574.1 794.4 6994.3
074 0.000 4902.8 6621.6 4953.1 7007.5
074 0.000 103.3 3508.0 337.4 3677.5
074 0.000 3.3 6244.0 44.4 7010.2
074 0.000 608.9 4944.6 737.1 5223.2
074 0.000 1.3 6148.6 6.6 7010.2
074 0.000 1.0 5519.8 223.1 6960.1
074 0.000 1625.5 4957.9 1764.2 5270.8
074 0.000 1951.3 6649.9 2151.9 7010.2
074 0.000 496.1 5174.9 666.8 5537.0
074 0.000 3397.1 4189.5 3569.6 4415.3
