003 0.003 126.8 72.4 137.8 133.6
003 0.001 112.5 78.9 123.6 140.8
003 0.000 1.3 360.4 4.6 479.0
003 0.000 2.1 329.5 13.1 503.2
003 0.000 35.0 1.0 352.7 468.8
003 0.000 228.7 254.0 251.7 322.8
003 0.000 793.4 1.0 799.9 34.8
003 0.000 322.3 194.9 343.8 280.6
003 0.000 102.4 189.8 111.4 242.4
003 0.000 1.6 1.0 8.1 350.9
003 0.000 7.5 126.2 24.1 229.8
003 0.000 189.2 1.0 310.8 291.7
003 0.000 2.8 205.5 22.9 350.5
003 0.000 245.0 212.5 268.8 328.4
003 0.000 5.0 82.3 48.8 498.1
003 0.000 106.7 118.4 115.5 172.2
003 0.000 4.6 378.8 30.9 503.2
003 0.000 250.8 52.3 434.0 478.0
003 0.000 240.7 1.0 361.2 188.5
003 0.000 14.7 1.0 121.3 166.4
003 0.000 1.1 1.0 1.7 109.8
003 0.000 12.9 135.0 34.9 273.8
003 0.000 202.4 257.0 226.5 341.9
003 0.000 17.0 99.4 136.6 485.7
003 0.000 79.9 184.7 94.9 237.6
003 0.000 1.9 1.0 10.0 77.9
003 0.000 260.0 222.3 285.0 322.1
003 0.000 362.4 1.0 727.0 481.3
003 0.000 420.3 160.8 431.5 233.3
003 0.000 85.8 114.3 96.8 164.8
003 0.000 3.3 1.0 22.8 48.6
003 0.000 8.7 278.3 29.3 416.8
003 0.000 284.1 432.6 330.0 503.2
003 0.000 195.4 184.5 347.7 487.2
003 0.000 511.6 455.5 541.6 503.2
003 0.000 252.5 278.4 279.0 358.8
003 0.000 799.9 1.4 799.9 87.7
003 0.001 1591.0 634.0 1599.9 754.3
003 0.001 1589.3 536.8 1599.9 655.2
003 0.001 1587.8 756.8 1599.7 830.7
003 0.000 1549.5 734.8 1569.5 763.9
003 0.000 1581.1 542.9 1592.9 595.2
003 0.000 1023.6 801.2 1047.9 840.3
003 0.000 1042.5 795.0 1066.2 835.6
003 0.000 1583.0 677.9 1599.2 803.3
003 0.000 1549.0 750.1 1566.1 781.0
003 0.000 1568.5 504.0 1597.7 630.4
003 0.000 1568.8 504.0 1597.8 996.6
003 0.000 1349.5 962.1 1381.5 1006.2
003 0.000 1599.9 623.1 1599.9 675.8
003 0.000 1092.8 950.6 1131.3 1006.2
003 0.000 1570.4 741.9 1595.1 847.4
003 0.000 1597.7 504.0 1599.9 607.5
003 0.000 1117.0 945.5 1151.7 1006.2
003 0.000 1596.8 504.0 1599.9 504.8
003 0.000 1585.9 509.4 1599.3 563.9
003 0.000 1599.9 786.2 1599.9 857.9
003 0.000 1541.2 504.0 1593.9 731.8
003 0.000 1599.9 583.6 1599.9 646.1
003 0.000 1578.3 893.1 1598.3 957.6
003 0.000 1519.2 662.4 1590.1 994.6
003 0.000 1327.6 958.8 1358.6 1006.2
003 0.000 801.1 985.9 801.8 1006.2
003 0.000 1369.8 961.1 1404.3 1006.2
003 0.000 1563.2 875.7 1592.0 1006.2
003 0.000 1599.9 892.6 1599.9 1006.2
003 0.000 1562.3 504.0 1582.8 529.1
003 0.000 802.3 966.7 815.9 1006.2
003 0.000 1569.2 784.3 1579.3 847.9
003 0.000 1576.1 794.5 1598.1 896.1
003 0.000 1067.6 967.3 1107.2 1006.2
003 0.000 801.5 980.4 805.3 1006.2
003 0.000 1073.3 942.9 1093.2 972.5
003 0.000 1241.0 954.5 1277.8 1006.2
003 0.000 1503.2 971.7 1534.2 1004.5
003 0.000 1081.8 913.9 1340.8 1006.2
018 0.081 4687.9 3168.2 4890.1 3392.9
018 0.012 4757.8 3008.4 4957.6 3502.2
018 0.012 2499.1 3199.9 2702.6 3502.2
018 0.007 4602.3 3140.9 4742.6 3396.9
018 0.005 3533.8 1044.7 3671.2 1374.8
018 0.004 4892.2 2988.8 4957.6 3343.0
018 0.002 19.0 2607.6 226.4 3450.6
018 0.001 3436.5 1006.0 3583.0 1337.3
018 0.001 543.6 3219.7 757.9 3496.7
018 0.001 3143.9 1.0 3429.5 719.7
018 0.001 2877.7 20.8 3376.3 1637.4
018 0.000 4547.1 3018.7 4677.0 3407.4
018 0.000 520.9 1.0 4386.9 3398.9
018 0.000 3392.7 1988.4 3580.6 2328.0
018 0.000 1817.7 1.0 3106.9 2361.5
018 0.000 3600.5 1150.5 3725.7 1398.2
018 0.000 4218.5 1531.7 4399.1 1845.5
018 0.000 1240.6 1.0 2133.0 3308.6
018 0.000 2227.5 1.0 2432.3 198.1
018 0.000 4483.2 3287.4 4620.3 3493.8
018 0.000 2375.4 3216.6 2564.1 3502.2
018 0.000 57.2 744.8 495.9 3336.6
018 0.000 4195.5 1389.9 4571.7 1959.2
018 0.000 3452.0 2246.9 3621.1 2507.5
018 0.000 2647.0 1181.9 3802.0 3499.0
018 0.000 2504.3 10.8 3868.6 2228.6
018 0.000 2536.8 2410.5 2803.8 3502.2
018 0.000 3459.9 1899.3 3602.7 2174.4
018 0.000 842.6 3289.8 1079.3 3502.2
018 0.000 2048.5 2709.4 4120.6 3502.2
018 0.000 1934.6 291.9 2215.5 1878.2
018 0.000 3711.0 3167.5 3842.7 3496.8
018 0.000 3507.7 2071.4 3633.8 2278.5
018 0.000 1921.5 543.6 2612.4 921.1
018 0.000 4897.1 663.2 4957.6 947.4
018 0.000 4652.1 3032.6 4812.5 3270.6
018 0.000 86.5 1.0 708.8 1797.1
018 0.000 3548.3 3199.6 3704.5 3493.9
018 0.000 341.9 1.0 2377.6 1465.2
018 0.000 2664.3 3215.1 3152.2 3502.2
018 0.000 1465.5 445.4 2650.6 1402.9
018 0.000 2868.6 1.0 4053.1 533.0
018 0.000 2101.7 46.1 2280.7 1176.2
018 0.000 2077.5 635.6 2878.2 1141.4
018 0.000 3298.8 1067.4 3452.3 1418.9
018 0.000 3261.9 163.9 3509.9 528.6
018 0.645 1375.2 3827.0 1756.8 4635.9
018 0.387 2333.5 6420.2 2449.0 6578.7
018 0.295 3508.1 4325.5 3682.4 4573.7
018 0.279 2387.7 6423.8 2561.2 6813.6
018 0.177 1612.7 3776.0 2160.8 4669.9
018 0.157 2201.1 6377.5 2448.4 6830.9
018 0.080 2491.2 6515.0 2650.9 6741.9
018 0.070 1286.3 3802.9 3405.8 4812.5
018 0.044 2224.7 3864.8 2900.9 4508.0
018 0.028 1460.7 3508.0 1927.3 5099.7
018 0.028 4756.4 6664.0 4952.6 7010.2
018 0.027 2118.8 6501.9 2250.8 6791.4
018 0.015 1281.0 3586.5 1467.4 4561.4
018 0.013 2575.6 6557.6 2735.0 6841.2
018 0.012 3320.4 4128.1 3761.9 4720.5
018 0.011 2032.8 6605.0 2202.9 6882.0
018 0.010 3400.4 4301.2 3597.0 4523.1
018 0.009 91.0 6645.2 257.9 6882.7
018 0.009 2622.0 3988.3 2829.5 4432.7
018 0.006 2141.5 6592.2 2329.6 6925.4
018 0.004 662.3 3508.0 1834.5 4754.7
018 0.003 1872.6 4038.7 2145.2 4500.1
018 0.002 104.9 6592.6 197.6 6770.6
018 0.002 446.3 3508.0 4348.4 5547.0
018 0.002 2373.6 3508.0 2596.6 5147.2
018 0.001 3996.6 6515.9 4850.8 6999.9
018 0.001 196.1 6712.5 358.9 6988.2
018 0.001 1958.9 6633.5 2102.6 6854.4
018 0.001 4783.5 5510.8 4946.5 5864.6
018 0.001 10.4 6404.0 92.3 6798.8
018 0.000 1856.7 6617.0 1979.9 6868.8
018 0.000 1109.5 3508.0 2261.1 6629.4
018 0.000 2618.1 3508.0 3778.2 5589.1
018 0.000 1812.6 3583.4 2813.4 6588.9
018 0.000 1892.3 6751.5 2016.1 6998.1
018 0.000 4902.0 4154.6 4953.1 4474.5
018 0.000 4280.2 6656.8 4584.6 7002.6
018 0.000 4893.4 5389.1 4953.1 5989.6
018 0.000 3426.0 4105.4 3594.4 4410.2
018 0.000 3412.9 3632.7 3566.6 3891.4
018 0.000 20.4 6779.4 186.4 6995.2
018 0.000 1969.7 3529.0 2247.7 4531.3
018 0.000 938.9 3508.0 1158.3 3688.0
018 0.830 9252.6 6260.5 9467.5 6746.8
018 0.567 9356.6 6207.7 9592.9 6801.4
018 0.473 9676.9 5231.6 9893.8 5579.1
018 0.317 9077.1 6311.4 9558.5 6972.9
018 0.293 9185.5 6389.1 9340.0 6730.4
018 0.097 9461.1 6329.0 9882.5 6999.8
018 0.084 7847.6 6451.4 7983.4 6666.6
018 0.028 9598.9 4964.6 9919.0 5781.3
018 0.022 7716.8 6447.6 7960.9 7001.1
018 0.013 9253.7 6580.8 9385.6 6893.0
018 0.005 9721.9 4088.4 9919.0 4466.3
018 0.004 9202.4 6197.1 9356.6 6519.8
018 0.003 9674.8 3990.1 9833.1 4755.7
018 0.002 7732.7 6409.2 7874.7 6715.7
018 0.002 9069.8 5205.1 9864.9 7010.2
018 0.002 9023.7 6458.6 9194.3 6799.8
018 0.002 7910.9 4480.1 7986.5 4985.0
018 0.002 7837.1 6263.3 8051.5 6832.7
018 0.002 8904.8 6575.7 9039.7 6850.6
018 0.001 8322.4 3508.0 8494.5 3513.3
018 0.001 9616.9 4185.2 9775.9 4539.6
018 0.001 9898.9 4322.3 9919.0 5596.1
018 0.001 9603.2 6724.3 9895.6 7000.7
018 0.001 9341.9 6137.0 9474.7 6488.2
018 0.001 6954.8 6424.1 7207.0 7010.2
018 0.001 9557.1 3855.5 9908.7 6518.0
018 0.001 8968.4 6568.4 9121.3 6905.1
018 0.001 6087.3 5141.2 6187.0 5367.5
018 0.001 9111.1 6675.9 9327.5 6991.0
018 0.001 9782.6 4920.6 9919.0 5516.5
018 0.000 7881.0 6310.6 8002.1 6560.8
018 0.000 4972.0 6607.4 5063.7 6993.7
018 0.000 7128.1 4505.9 7263.2 4763.8
018 0.000 8272.0 3508.0 8472.1 3549.9
018 0.000 7168.4 4659.2 7289.6 4873.1
018 0.000 9179.6 4716.4 9862.7 5871.4
018 0.000 8769.0 6566.3 8896.1 6831.6
018 0.000 9445.0 6169.4 9574.5 6473.7
018 0.000 8670.8 6552.4 8776.6 6724.5
018 0.000 6802.8 3574.9 9572.6 6952.1
018 0.000 8911.7 6097.7 9248.1 7010.2
018 0.000 8862.7 3508.0 9807.9 5553.9
018 0.000 9776.3 4229.1 9919.0 4790.7
018 0.000 8736.0 6507.1 8838.0 6681.0
018 0.000 8493.2 6667.8 8618.2 6865.6
018 0.000 7152.2 4791.8 7274.8 5079.3
018 0.000 9788.1 3508.0 9919.0 5402.7
018 0.000 8694.4 6613.5 8821.2 6858.4
018 0.000 4966.3 3508.0 5080.4 3608.2
018 0.000 9120.4 6245.6 9255.4 6537.0
018 0.000 8595.9 6643.1 8697.4 6816.2
018 0.000 9544.6 4117.9 9691.7 4920.0
036 0.324 1149.6 2135.0 1293.5 2335.1
036 0.145 1019.4 2071.8 1167.5 2335.1
036 0.066 975.1 2189.1 1578.4 2335.1
036 0.011 2550.0 2133.5 2719.9 2324.3
036 0.006 3109.4 1444.9 3284.5 1812.7
036 0.004 808.1 1903.3 1053.6 2335.1
036 0.003 2464.4 1956.4 2676.3 2335.1
036 0.002 2659.2 1899.7 2816.2 2335.1
036 0.001 8.1 1836.1 101.6 2125.7
036 0.001 1686.7 168.3 1784.2 325.7
036 0.001 947.6 1926.2 1062.6 2156.9
036 0.001 956.8 1696.3 1154.9 2335.1
036 0.001 1922.1 420.5 2037.5 666.8
036 0.001 106.0 1791.9 205.7 2040.5
036 0.001 31.4 1771.1 135.2 1976.5
036 0.000 650.0 1693.8 1448.2 2335.1
036 0.000 3107.3 1584.2 3228.5 1741.5
036 0.000 3054.5 1604.8 3189.1 1830.4
036 0.000 1619.2 112.3 1720.8 310.6
036 0.000 3270.6 217.7 3305.4 521.1
036 0.000 856.7 1933.7 918.7 2082.8
036 0.000 3134.5 1509.1 3257.7 1661.0
036 0.000 2560.3 2079.8 2679.2 2218.5
036 0.000 3263.9 1950.3 3305.4 2323.9
036 0.000 1986.7 392.3 2101.1 604.9
036 0.000 772.0 1972.2 842.2 2129.9
036 0.000 1588.4 158.2 1671.0 281.8
036 0.000 606.8 462.8 1403.6 2167.2
036 0.000 590.6 454.8 1178.5 736.1
036 0.000 175.0 1.0 1439.9 1221.9
036 0.000 1620.1 460.3 1725.9 591.1
036 0.000 811.6 1906.5 876.7 2034.8
036 0.000 1143.4 514.9 1248.0 639.0
036 0.000 668.0 29.6 906.8 955.3
036 0.000 179.2 1925.0 273.4 2117.8
036 0.000 1765.2 159.8 1851.2 357.2
036 0.000 3237.3 1556.1 3305.4 1826.8
036 0.000 3063.9 1544.7 3173.2 1681.5
036 0.000 2388.2 777.6 3146.6 2299.4
036 0.000 739.0 1905.0 822.8 2059.3
036 0.000 63.3 458.6 437.8 2261.4
036 0.000 1192.1 647.2 1278.6 794.4
036 0.000 3012.5 1624.8 3114.8 1810.3
036 0.000 228.6 1942.1 330.2 2094.5
036 0.000 1515.9 478.3 1612.5 613.6
036 0.000 1964.9 281.3 2073.0 467.4
036 0.000 3225.9 1435.9 3305.4 1672.9
036 0.000 656.8 216.1 797.5 1697.5
043 0.119 1305.9 2876.0 1418.4 3473.5
043 0.045 1436.0 2992.0 1540.9 3500.3
043 0.044 771.9 1764.8 1727.9 3472.0
043 0.043 570.3 2944.2 1589.6 3501.9
043 0.040 1198.4 2518.1 1404.5 3501.9
043 0.037 1534.6 2354.4 2421.8 3494.4
043 0.032 2073.5 2602.7 2197.8 3113.8
043 0.023 1331.2 2875.8 1623.2 3345.0
043 0.019 1093.6 2264.8 1268.4 3501.9
043 0.018 1244.4 711.2 2068.8 3437.3
043 0.016 946.1 2759.0 1068.2 3501.9
043 0.014 2203.3 2715.4 2297.6 3209.9
043 0.012 2171.1 2155.7 2449.8 3155.1
043 0.010 1659.8 2751.0 1785.3 3496.8
043 0.010 2260.6 2712.1 2339.9 3195.2
043 0.010 1625.9 1.0 2381.1 2770.8
043 0.009 2015.6 1095.4 2432.8 3426.8
043 0.009 1219.2 2650.5 1294.8 2955.0
043 0.008 1551.5 3059.3 1629.8 3495.7
043 0.008 303.3 1901.2 1182.3 3501.9
043 0.008 1669.5 3062.1 1736.5 3472.6
043 0.008 1131.8 2598.7 1194.1 2921.2
043 0.007 175.1 1.0 2184.5 2606.7
043 0.007 1396.7 2698.9 1468.0 3214.1
043 0.007 2311.5 2630.3 2472.6 3080.3
043 0.006 1984.2 2611.3 2072.4 3071.0
043 0.006 1720.0 2945.7 1876.7 3491.1
043 0.005 1264.0 3053.2 1356.9 3498.8
043 0.005 1619.1 2832.0 1709.4 3402.5
043 0.004 1510.1 2721.6 1608.6 3382.6
043 0.004 1042.1 3094.7 1101.8 3471.5
043 0.004 1.3 1585.1 4.9 2558.9
043 0.004 1846.4 2717.2 1942.9 3447.0
043 0.003 1337.4 2527.4 1513.1 3153.4
043 0.003 20.3 1135.1 237.2 3485.1
043 0.003 172.4 1.0 313.5 130.2
043 0.003 1669.3 2209.1 1830.1 2989.9
043 0.002 913.6 2890.4 963.0 3207.9
043 0.002 876.2 2819.2 933.6 3213.9
043 0.002 2280.6 2332.5 2382.9 2747.2
043 0.002 1.2 3248.7 5.1 3501.9
043 0.002 926.7 3039.7 993.5 3484.6
043 0.002 2352.3 2240.5 2446.4 2853.8
043 0.002 1142.4 2815.7 1233.1 3429.8
043 0.002 54.5 760.9 648.7 3462.0
043 0.002 1897.4 2620.9 1975.6 3153.9
043 0.002 1061.5 2856.2 1159.8 3450.3
043 0.002 7.0 1275.4 84.8 2110.4
043 0.001 2084.6 2865.5 2212.6 3468.5
043 0.001 1113.7 3062.3 1168.5 3364.6
043 0.001 1571.6 2429.3 1743.4 3196.1
043 0.001 1292.9 2482.6 1372.1 2820.5
043 0.001 99.4 1.0 235.2 202.3
043 0.001 809.9 1.0 1603.8 1605.9
043 0.001 1007.8 2859.9 1080.0 3269.9
043 0.001 1892.5 2916.8 1991.9 3463.9
043 0.001 1920.4 2413.7 2017.5 2906.1
043 0.001 1201.9 1.0 2091.5 1443.2
043 0.001 1364.3 3178.9 1490.6 3495.6
043 0.001 1469.9 2632.3 1536.1 3152.6
043 0.001 1356.8 2592.3 1432.8 2833.9
043 0.068 2584.6 4999.5 2683.9 5464.5
043 0.046 4090.5 5031.7 4338.4 5626.5
043 0.027 2487.3 5016.6 2582.3 5584.2
043 0.014 3437.7 4808.8 3542.7 5348.6
043 0.006 2708.8 5065.5 2839.8 5524.1
043 0.006 4194.8 5275.0 4336.5 5509.7
043 0.004 2533.9 5167.2 2658.0 5638.4
043 0.003 4316.0 3508.0 4491.2 3651.8
043 0.003 3752.8 4682.0 4542.3 5554.5
043 0.002 2663.0 3508.0 4243.3 6870.2
043 0.002 2501.7 4020.2 2705.5 6780.2
043 0.002 2481.8 5113.9 2495.3 6000.2
043 0.002 3419.0 5101.0 3505.5 5612.8
043 0.002 3685.3 5961.6 3928.4 7008.8
043 0.001 4293.9 3508.0 4436.4 3514.5
043 0.001 2535.4 4034.1 3181.8 6118.6
043 0.001 2483.4 4680.5 2509.8 5439.6
043 0.001 4434.6 3508.0 4599.2 3611.9
043 0.001 2481.3 4838.9 2484.7 5466.6
043 0.001 3779.8 4753.9 3859.2 5155.0
043 0.001 3427.4 5159.3 4024.8 6992.9
043 0.001 3607.0 6137.7 4214.3 6547.8
043 0.001 3934.2 4823.7 4169.7 5847.0
043 0.000 3742.5 3983.1 4540.0 6878.5
043 0.000 3298.3 3508.0 4393.2 5272.2
043 0.000 2544.2 6860.4 2714.3 7012.2
043 0.000 4028.0 4505.2 4235.8 5530.2
043 0.000 3842.7 6140.4 4020.4 6569.6
043 0.000 4117.4 5011.3 4841.7 6972.1
043 0.000 2618.6 5258.5 2726.8 5773.1
043 0.000 3588.9 4944.2 3735.5 5758.7
043 0.000 3285.4 5210.1 3342.1 5588.9
043 0.000 2567.0 6778.1 2666.0 6935.3
043 0.000 3859.8 3508.0 4777.0 4328.3
043 0.000 3528.2 3508.0 4167.3 4202.5
043 0.000 2548.3 3508.0 3245.0 4813.3
043 0.000 2492.0 6772.2 2606.8 7011.2
043 0.000 4956.9 6054.6 4956.9 6586.8
043 0.000 4807.1 3863.4 4901.3 4338.9
043 0.000 2666.1 6847.8 2773.1 7013.1
043 0.000 3718.0 5008.5 3827.3 5726.9
043 0.000 4690.4 4062.4 4843.4 4284.0
038 0.010 3.4 2939.9 170.6 3502.0
038 0.010 4957.6 1355.4 4957.6 1975.6
038 0.006 4505.7 3269.5 4858.3 3499.4
038 0.002 2.0 2764.0 29.5 3502.2
038 0.002 3788.9 3042.4 4135.4 3502.2
038 0.002 4899.2 510.5 4957.6 988.3
038 0.002 3963.4 3218.5 4240.8 3502.2
038 0.001 3018.2 1217.2 3198.6 1490.4
038 0.001 2948.0 3041.5 3206.7 3484.1
038 0.001 4916.0 3125.8 4957.6 3502.2
038 0.001 3123.7 3111.2 3352.6 3499.1
038 0.001 4604.1 1467.6 4707.8 1692.5
038 0.001 4769.3 3229.4 4951.7 3502.2
038 0.000 2395.0 1.0 3399.0 1850.1
038 0.000 94.3 3201.2 347.2 3502.2
038 0.000 4900.5 1.0 4957.6 214.2
038 0.000 1.3 2516.9 6.1 3502.2
038 0.000 2513.9 1.0 3002.1 695.6
038 0.000 4156.6 3143.6 4350.6 3502.2
038 0.000 253.7 1.0 2662.6 2269.8
038 0.000 2924.8 1106.8 3136.2 1366.6
038 0.000 291.1 1.0 2745.1 630.5
038 0.000 6.1 1193.8 70.5 3416.6
038 0.000 3864.2 3361.0 4120.0 3502.2
038 0.000 2695.2 2852.9 4583.8 3502.2
038 0.000 153.4 1070.0 1261.7 3335.6
038 0.000 2634.9 3304.9 2760.9 3498.7
038 0.000 4904.0 2856.3 4957.6 3239.1
038 0.000 3734.9 3309.8 3952.2 3502.2
038 0.000 2476.3 1.0 4565.2 3275.4
038 0.000 47.7 2816.2 520.1 3488.6
038 0.000 4148.0 1.0 4819.0 1964.6
038 0.000 2370.5 3279.7 2613.4 3502.2
038 0.000 251.8 3274.3 468.1 3502.2
038 0.000 2031.8 1.0 2933.3 2990.8
038 0.000 117.1 2493.0 1045.8 3453.4
038 0.000 2492.2 1.0 2671.9 1323.9
038 0.000 2628.7 1.0 2887.8 1771.4
038 0.000 69.5 1.0 640.9 1827.9
038 0.000 3308.9 1718.3 4651.6 3435.4
038 0.000 4755.1 1.0 4938.4 572.8
038 0.000 4310.1 3263.6 4493.4 3502.2
038 0.000 4429.5 3159.5 4598.2 3502.2
038 0.000 4120.7 2997.5 4832.7 3502.2
038 0.000 1299.4 931.9 2402.1 3334.1
038 0.000 1676.6 705.6 2490.6 1477.1
038 0.000 1997.8 1.0 2729.8 1154.8
038 0.000 4509.7 1420.6 4888.2 3424.1
038 0.000 1361.7 506.5 2136.7 1222.6
038 0.000 3.8 22.7 54.4 875.3
038 0.015 5395.6 2441.7 5830.7 3024.2
038 0.010 9917.2 1960.7 9917.6 2525.8
038 0.010 9903.6 1285.5 9917.6 2088.4
038 0.010 9917.6 2772.7 9917.6 3502.2
038 0.010 9917.6 1309.6 9917.6 1930.7
038 0.009 9905.0 2567.3 9917.6 3412.8
038 0.009 9915.1 1271.4 9917.6 2039.6
038 0.001 9854.1 2286.6 9917.6 2735.1
038 0.001 5502.8 2561.6 5674.1 3003.0
038 0.001 9881.2 1867.2 9917.6 2409.0
038 0.001 9883.2 1460.4 9917.6 1796.8
038 0.001 9882.8 2547.9 9917.6 2931.3
038 0.001 9854.9 3299.5 9917.6 3502.2
038 0.000 6911.4 3148.3 7123.4 3492.5
038 0.000 9877.8 973.0 9917.6 1437.8
038 0.000 9873.9 2805.4 9917.6 3162.7
038 0.000 9875.4 1.0 9917.6 723.7
038 0.000 8912.7 1.0 9768.0 3248.6
038 0.000 5006.1 2278.4 5635.6 3502.2
038 0.000 9864.2 458.6 9917.6 886.6
038 0.000 6038.8 2840.9 7718.1 3497.7
038 0.000 5499.6 1338.9 9126.3 3399.6
038 0.000 7001.7 2905.2 7249.7 3485.6
038 0.000 5114.6 2067.6 7174.4 2966.6
038 0.000 7693.2 2966.0 7876.7 3476.2
038 0.000 6745.4 829.7 7747.1 3362.0
038 0.000 7920.7 799.9 9564.0 3327.2
038 0.000 5041.2 908.7 6004.8 3392.1
038 0.000 7229.2 2502.3 8808.0 3474.4
038 0.000 9735.5 1865.1 9904.2 2803.1
038 0.000 9029.5 1.0 9787.5 542.5
038 0.000 6081.8 1347.0 7083.0 3414.9
038 0.000 5212.1 2371.7 5624.6 2925.5
038 0.000 6002.3 2981.2 6225.6 3499.4
038 0.000 4961.2 748.3 4965.7 1340.5
038 0.000 8577.4 3173.5 8809.5 3502.2
038 0.000 6138.0 3062.7 6308.0 3498.3
038 0.000 6763.4 3222.9 6969.3 3500.9
038 0.000 9749.3 624.8 9902.5 1334.5
038 0.000 9029.4 2935.7 9231.1 3501.2
038 0.000 8283.1 1.0 9628.8 891.1
038 0.000 8389.0 3116.6 8657.3 3502.2
038 0.000 4964.6 1393.0 5056.2 1962.2
038 0.000 9828.5 3011.9 9916.0 3497.3
038 0.000 5111.8 2754.8 6540.9 3491.0
038 0.000 5404.0 2631.8 5566.8 3099.0
038 0.000 7385.8 236.4 8532.4 3320.9
038 0.000 5441.5 1.0 6821.6 3328.7
038 0.966 377.3 5091.7 639.4 5608.5
038 0.899 510.9 5204.7 668.2 5520.0
038 0.528 313.6 5101.6 506.0 5469.7
038 0.426 88.6 5065.6 940.3 5636.2
038 0.239 3383.2 6027.0 3519.6 6346.0
038 0.073 282.0 4721.6 541.4 5938.1
038 0.060 3195.8 6071.0 3406.2 6443.6
038 0.043 4050.5 5070.1 4220.0 5420.7
038 0.027 3195.2 6222.3 3337.3 7006.8
038 0.011 4951.8 3986.6 4953.1 4386.4
038 0.011 4953.1 6041.4 4953.1 6452.2
038 0.010 4953.1 6210.7 4953.1 7010.2
038 0.003 134.8 5004.8 297.0 5795.1
038 0.003 1504.9 6180.6 1627.5 6417.0
038 0.002 4929.7 4374.5 4953.1 4804.8
038 0.002 2956.0 4501.4 4007.3 6889.3
038 0.001 4174.9 5169.4 4324.8 5536.2
038 0.001 3258.1 4732.2 3425.1 4912.7
038 0.001 2793.9 4869.3 2959.3 5116.2
038 0.001 4933.4 3991.5 4953.1 4409.9
038 0.001 4904.3 6388.7 4953.1 7009.9
038 0.001 59.9 4519.3 443.6 5804.5
038 0.001 2656.9 5061.1 2820.1 5421.2
038 0.001 3740.1 4502.6 4754.7 6897.5
038 0.001 108.7 4681.5 1700.1 5552.5
038 0.001 3362.9 4628.6 3525.8 4968.4
038 0.001 1468.8 6476.8 1672.9 6826.7
038 0.001 1720.7 6576.3 1941.3 7007.6
038 0.001 3456.8 4636.5 3624.8 4954.9
038 0.001 2174.8 4764.4 3280.1 6871.5
038 0.000 1435.5 6164.9 1557.0 6446.8
038 0.000 3384.3 6432.5 3568.3 6994.4
038 0.000 1317.4 6598.7 1503.2 6922.8
038 0.000 428.2 4336.6 4212.4 6951.5
038 0.000 998.9 6757.8 1283.5 6995.1
038 0.000 1207.8 6791.8 1564.4 6999.4
038 0.000 12.9 4569.4 133.9 5420.6
038 0.000 1.4 4667.9 5.9 5369.6
038 0.000 1071.3 5784.8 3177.5 6997.5
038 0.000 4783.9 6227.6 4946.1 7001.5
038 0.000 20.7 3508.0 215.1 5804.2
038 0.000 1.5 3508.0 6.0 3927.4
038 0.000 3074.4 3508.0 3256.3 4064.8
038 0.000 457.3 4373.6 598.3 5481.7
038 0.000 3418.9 4422.6 3583.7 4715.1
038 0.000 1164.4 6501.9 1324.6 6810.6
038 0.000 3750.6 5342.3 3886.6 6122.5
038 0.000 4394.9 6702.2 4553.2 7010.2
038 0.000 2351.6 3508.0 3636.5 5180.4
038 0.000 893.2 6738.6 1112.6 6995.0
038 0.000 1346.3 6455.7 1519.7 6743.0
038 0.000 76.0 3508.0 859.9 3591.5
038 0.000 1832.1 6693.6 2057.4 7004.7
038 0.000 3457.9 3508.0 4724.0 4246.2
038 0.000 3908.6 3508.0 4141.2 4000.9
038 0.000 3228.1 3508.0 3412.5 3655.6
038 0.000 4916.3 4736.3 4953.1 5020.0
038 0.000 2727.7 3508.0 3797.0 3920.7
038 0.000 2713.7 6591.7 2936.6 6989.1
056 0.375 32.7 432.5 62.1 489.5
056 0.133 47.3 439.8 86.2 490.0
056 0.023 72.7 437.7 99.6 490.2
056 0.011 20.1 422.3 45.0 479.0
056 0.009 3.4 429.1 31.5 490.2
056 0.002 599.4 446.7 648.8 490.2
056 0.002 224.0 443.9 248.8 489.6
056 0.001 189.4 426.2 220.6 490.2
056 0.001 633.6 442.6 658.7 479.5
056 0.001 379.8 75.1 546.5 193.8
056 0.001 336.0 1.0 523.3 456.5
056 0.001 477.4 1.0 501.3 280.6
056 0.001 52.8 1.0 554.8 241.0
056 0.001 1.1 425.0 1.8 490.2
056 0.001 488.3 8.9 517.7 192.7
056 0.000 485.9 219.4 497.3 300.0
056 0.000 15.0 1.0 136.8 297.3
056 0.000 52.0 119.1 475.1 468.8
056 0.000 343.6 172.3 452.4 269.2
056 0.000 643.6 463.7 673.5 489.7
056 0.000 488.9 443.9 522.9 490.2
056 0.000 437.8 62.6 509.0 154.5
056 0.000 515.5 1.0 553.2 22.4
056 0.000 409.4 1.0 684.9 264.1
056 0.000 24.1 136.4 45.7 193.1
056 0.000 623.9 439.6 646.8 469.6
056 0.000 438.2 28.8 473.0 284.4
056 0.000 310.9 64.1 449.0 207.8
056 0.000 177.0 403.4 204.0 490.2
056 0.000 216.6 114.0 373.6 248.3
056 0.000 509.8 265.7 528.8 295.9
056 0.000 121.5 236.8 313.7 479.0
056 0.000 266.4 1.0 392.5 333.6
056 0.000 680.3 463.0 711.0 490.0
056 0.000 25.8 311.0 206.3 487.2
056 0.000 416.3 215.4 589.9 482.0
056 0.000 624.3 225.1 774.4 484.3
056 0.000 7.6 1.0 53.7 461.4
056 0.000 728.8 153.2 748.8 187.1
056 0.000 519.7 218.0 680.3 487.3
056 0.000 415.4 146.4 434.1 278.5
056 0.000 29.9 231.4 47.1 283.5
056 0.000 494.8 67.8 518.5 115.8
056 0.000 733.1 106.5 752.1 132.4
056 0.000 156.2 411.1 181.7 489.9
056 0.000 471.1 81.4 499.3 136.2
056 0.000 715.9 148.2 736.4 177.4
056 0.000 722.2 113.3 739.2 138.0
056 0.225 1421.3 618.6 1451.7 681.2
056 0.065 1402.8 529.2 1460.8 695.7
056 0.063 964.2 721.2 994.6 769.2
056 0.042 1433.5 580.3 1471.7 687.0
056 0.039 1408.8 640.8 1437.8 680.8
056 0.013 984.2 724.4 1004.8 770.2
056 0.010 998.7 839.9 1016.7 885.8
056 0.002 951.0 709.6 980.9 761.0
056 0.002 1562.5 945.2 1599.1 980.2
056 0.002 993.5 719.2 1013.8 754.8
056 0.001 1530.7 936.8 1574.8 980.2
056 0.001 850.1 491.0 880.0 534.0
056 0.001 1391.9 497.1 1436.8 607.7
056 0.000 1453.5 591.9 1471.8 639.3
056 0.000 984.6 827.6 1010.5 881.4
056 0.000 946.2 645.8 1113.6 963.8
056 0.000 920.9 642.5 1499.7 970.3
056 0.000 1461.3 608.4 1478.5 649.4
056 0.000 1413.6 607.4 1434.1 652.4
056 0.000 1389.7 643.8 1416.0 686.8
056 0.000 1494.7 937.5 1531.9 980.2
056 0.000 978.7 743.7 1030.4 943.2
056 0.000 996.5 834.8 1037.4 918.9
056 0.000 1369.9 491.0 1548.5 722.7
056 0.000 1404.8 536.7 1426.5 592.7
056 0.000 1073.7 525.6 1253.1 965.0
056 0.000 1469.2 917.6 1583.9 980.2
056 0.000 1219.4 804.5 1541.2 979.6
056 0.000 1074.0 491.0 1249.8 548.3
056 0.000 1416.0 580.7 1452.3 637.0
056 0.000 840.3 743.1 1021.8 977.3
056 0.000 994.5 736.4 1018.9 780.2
056 0.000 1006.4 855.5 1025.5 900.8
056 0.000 1428.6 586.4 1571.8 971.0
056 0.000 1420.7 563.6 1441.7 611.4
056 0.000 1399.5 491.0 1429.8 542.8
056 0.000 1014.7 841.0 1048.5 892.3
056 0.000 826.0 491.0 886.1 582.9
056 0.000 1291.0 497.0 1438.0 747.2
056 0.000 860.6 508.3 885.4 554.3
056 0.000 1422.1 956.6 1456.9 980.2
056 0.000 1206.2 856.9 1238.4 962.0
056 0.000 1468.4 944.4 1498.8 980.2
056 0.000 1541.8 491.0 1564.2 491.7
056 0.000 1013.9 495.1 1128.0 761.4
056 0.000 1451.4 951.4 1482.0 980.2
056 0.000 1209.6 512.1 1381.9 970.7
056 0.000 1524.0 491.0 1548.2 499.5
056 0.000 806.9 644.6 851.2 971.5
056 0.000 1308.9 941.0 1341.6 980.2
056 0.000 1159.8 904.1 1185.6 980.2
056 0.000 986.1 788.0 1008.1 851.8
056 0.000 1194.7 976.6 1227.1 980.2
056 0.000 1389.1 978.3 1420.3 980.2
056 0.000 1036.6 845.5 1054.0 881.1
067 0.001 4923.7 1.0 4957.6 385.9
067 0.000 4311.4 1624.6 4552.4 2048.6
067 0.000 1521.3 1.0 1902.7 1366.0
067 0.000 1559.4 547.6 2331.1 894.0
067 0.000 4818.0 3060.5 4950.8 3502.2
067 0.000 1555.7 1.0 2618.6 3290.1
067 0.000 49.2 1.0 610.3 2018.1
067 0.000 211.7 1.0 1923.7 1310.9
067 0.000 21.0 1.0 236.0 1491.7
067 0.000 2162.4 2296.6 2373.3 2781.5
067 0.000 3058.9 3464.3 3264.0 3502.2
067 0.000 1790.9 1.0 1946.3 1556.2
067 0.000 1926.0 1.0 2054.6 1254.9
067 0.000 1258.3 101.2 2372.7 988.9
067 0.000 2.3 1283.3 44.9 2074.7
067 0.000 4864.5 1.0 4957.3 170.9
067 0.000 3210.1 3412.0 3467.1 3502.2
067 0.000 3519.0 3502.2 3816.0 3502.2
067 0.000 1975.6 1.0 2191.0 1810.8
067 0.000 52.4 1.0 756.9 629.2
067 0.000 2200.8 20.3 4486.1 3383.7
067 0.000 4632.4 1.0 4765.1 480.1
067 0.000 277.8 777.6 1176.2 1659.5
067 0.000 2573.1 1.0 3537.4 489.0
067 0.000 2.6 1.0 21.3 688.0
067 0.000 2955.7 3489.4 3152.8 3502.2
067 0.000 167.8 238.6 1300.8 3409.7
067 0.000 4173.4 3502.1 4356.5 3502.2
067 0.000 4185.6 1.0 4815.7 833.5
067 0.000 2568.8 3469.9 2759.0 3502.2
067 0.000 1140.2 9.8 3458.4 1511.7
067 0.000 2509.3 1324.5 4498.4 2097.9
067 0.000 860.6 985.3 1709.0 1826.5
067 0.000 636.0 742.0 2123.9 1415.3
067 0.000 1619.2 65.5 2558.2 480.4
067 0.000 2064.3 41.4 2164.8 1143.4
067 0.000 3371.5 3287.8 3650.9 3502.2
067 0.000 3555.6 3345.8 3821.8 3502.2
067 0.102 6795.3 3071.3 7018.0 3502.2
067 0.015 6899.9 3225.9 7102.4 3502.2
067 0.010 9917.6 1.0 9917.6 829.5
067 0.010 9917.6 477.0 9917.6 1231.4
067 0.009 9903.7 645.0 9917.6 1302.5
067 0.002 6598.3 3224.3 7467.1 3502.2
067 0.001 6854.3 2983.6 7001.8 3223.1
067 0.001 9865.1 2521.0 9917.6 2869.5
067 0.001 6645.4 3006.3 6803.3 3502.2
067 0.001 6680.5 3298.9 6920.7 3502.2
067 0.000 9867.5 2180.8 9917.6 2509.7
067 0.000 9863.5 1.0 9917.6 195.4
067 0.000 6444.9 4.5 6635.0 137.8
067 0.000 8651.6 2.0 8851.1 131.2
067 0.000 7890.1 10.1 8080.7 252.7
067 0.000 8553.4 2.4 8745.7 156.6
067 0.000 8291.8 5.1 8472.7 159.7
067 0.000 6801.6 6.3 6994.7 176.2
067 0.000 7994.2 9.9 8189.7 217.2
067 0.000 8176.1 7.0 8351.3 173.0
067 0.000 7178.4 9.4 7355.1 211.2
067 0.000 8844.4 1.0 9041.5 133.8
067 0.000 7286.4 7.6 7465.5 198.6
067 0.000 7082.3 9.5 7258.4 209.6
067 0.000 6928.4 3052.9 7054.6 3259.8
067 0.000 9256.8 1.0 9440.0 106.6
067 0.000 8951.8 1.0 9141.3 142.2
067 0.000 7732.9 9.3 7918.2 195.4
067 0.000 6699.2 6.5 6890.5 201.7
067 0.000 7639.9 13.1 7782.4 436.6
067 0.000 7846.0 17.5 7993.0 451.2
067 0.000 6590.3 6.7 6778.3 214.4
067 0.000 9471.8 1.0 9882.1 118.4
067 0.000 9857.5 364.7 9917.6 1307.7
067 0.000 9051.3 1.0 9241.5 174.5
067 0.000 7045.2 3192.0 7204.6 3498.6
067 0.000 9732.3 1.0 9908.1 308.0
067 0.000 9357.9 1.0 9536.4 105.3
067 0.000 6933.3 2880.9 7183.3 3502.2
067 0.000 8431.5 11.8 8581.2 340.5
067 0.000 4972.0 1.0 5061.9 153.1
067 0.000 7971.8 32.0 8104.6 495.9
067 0.000 7884.8 3460.3 8115.6 3502.2
067 0.000 9153.5 1.0 9344.3 180.4
067 0.000 8681.3 5.4 8835.6 407.6
067 0.000 8770.8 3.3 8922.7 381.4
067 0.000 8533.4 8.2 8683.5 389.2
067 0.000 5768.7 1.0 5888.1 437.3
067 0.000 8016.9 3502.2 8238.9 3502.2
067 0.000 6242.9 7.0 6391.9 491.6
067 0.000 9827.6 3150.2 9916.2 3499.7
067 0.000 8366.5 3476.8 8582.9 3502.2
067 0.000 5446.4 1.0 5572.3 488.9
067 0.217 3208.9 5681.3 3736.5 6207.2
067 0.105 2776.7 6660.7 3042.3 7008.8
067 0.022 3306.4 5296.2 3544.0 6500.7
067 0.017 3390.7 5703.8 3588.0 6108.6
067 0.005 388.1 6717.7 620.9 7001.4
067 0.003 4925.5 6271.4 4953.1 6717.7
067 0.002 4922.3 5426.3 4953.1 5777.7
067 0.002 4897.8 6090.3 4953.1 6515.6
067 0.002 3301.7 5795.8 3478.8 6265.2
067 0.001 2813.3 6664.4 3683.6 7003.7
067 0.001 4918.1 5874.2 4953.1 6286.3
067 0.001 1263.5 5228.7 1448.2 5551.6
067 0.001 1139.2 5025.0 1598.0 5520.3
067 0.001 3475.8 5503.5 3657.9 6060.1
067 0.001 2704.0 6765.6 2898.4 6999.1
067 0.000 3204.4 5684.7 3375.5 6391.6
067 0.000 3499.4 5817.5 3826.7 6264.6
067 0.000 2709.8 5419.0 4580.3 6217.4
067 0.000 483.4 6669.0 833.4 7010.2
067 0.000 2489.5 4419.7 2688.7 4784.7
067 0.000 1354.7 5359.6 1493.2 5610.8
067 0.000 562.7 6791.5 707.8 7003.4
067 0.000 1357.5 5559.0 1525.1 5788.2
067 0.000 2672.3 6134.8 4268.3 7003.6
067 0.000 4621.5 6361.0 4911.2 7004.2
067 0.000 4394.0 6287.1 4555.6 6983.7
067 0.000 4504.5 6302.9 4702.1 6996.6
067 0.000 4268.5 6496.1 4418.9 7010.2
067 0.000 4872.1 6692.1 4952.1 7010.2
067 0.000 2908.9 6555.0 3197.9 7010.2
067 0.000 3834.3 5881.9 4746.3 6984.2
067 0.000 3330.9 5652.7 3519.7 5869.4
067 0.000 538.1 5720.2 4265.3 6997.1
067 0.000 4015.5 6575.7 4187.8 7010.2
067 0.000 4148.3 6336.4 4344.2 7010.2
067 0.000 3302.9 4543.3 4665.9 6928.3
067 0.000 2987.4 4987.6 3433.0 6847.0
067 0.000 2541.0 6580.2 2892.3 7010.2
067 0.000 3462.4 6633.2 3706.4 7002.7
067 0.000 1078.6 4683.3 1278.7 6022.7
067 0.000 1830.1 6632.2 2963.5 7010.2
067 0.000 3819.1 6653.7 3989.8 7007.9
067 0.000 2421.1 4261.1 3576.2 6910.5
067 0.000 3390.0 4841.4 3635.9 6105.3
067 0.000 3724.1 6747.3 3905.3 7007.0
067 0.000 286.2 6545.7 502.0 7010.2
067 0.000 2161.8 6221.4 3306.4 7010.2
067 0.000 2988.2 6847.3 3213.8 7006.0
074 0.233 1637.4 3084.9 1838.9 3502.0
074 0.101 1529.4 3051.8 1677.8 3422.3
074 0.035 2386.5 2519.4 2616.6 3040.0
074 0.018 70.4 3167.1 351.2 3502.2
074 0.003 3823.6 789.7 4002.6 1020.9
074 0.003 2347.7 2810.7 2567.3 3086.4
074 0.003 3753.7 754.9 3882.1 1044.1
074 0.002 1779.9 3238.0 1936.7 3499.8
074 0.002 3954.7 827.4 4093.4 1071.7
074 0.002 2466.6 2768.9 2611.7 3010.1
074 0.002 1368.8 3095.9 1543.8 3500.2
074 0.002 12.8 3224.4 181.3 3494.3
074 0.002 4706.5 3058.4 4954.8 3492.7
074 0.001 2523.3 2608.7 2687.8 3007.1
074 0.001 4853.1 2829.9 4957.6 3425.4
074 0.001 2345.7 2897.0 2578.9 3502.2
074 0.000 3265.1 3223.7 3458.0 3501.2
074 0.000 2251.4 2977.4 2444.5 3502.2
074 0.000 1459.1 2807.8 1629.5 3409.2
074 0.000 982.4 1.0 1310.5 1429.3
074 0.000 2.8 2984.9 18.9 3502.2
074 0.000 2178.5 983.2 4475.7 3459.4
074 0.000 494.9 1.0 1489.6 3331.5
074 0.000 288.0 310.5 2555.7 1339.1
074 0.000 2685.2 2807.4 2922.4 3502.2
074 0.000 1052.1 145.0 2483.8 3433.3
074 0.000 1.5 657.3 5.9 1362.0
074 0.000 172.8 2758.8 1575.3 3502.2
074 0.000 4894.3 86.2 4957.6 348.6
074 0.000 4436.5 2772.4 4683.4 3473.7
074 0.000 1993.3 2213.8 2955.1 3502.2
074 0.000 878.9 540.7 1940.9 1031.2
074 0.000 1079.1 415.8 1397.6 948.3
074 0.000 104.3 1.0 861.3 3212.1
074 0.000 4845.7 1.0 4957.6 94.1
074 0.000 9.9 2793.1 80.0 3502.2
074 0.000 3916.7 860.5 4765.2 3435.4
074 0.000 1261.9 1.0 1455.5 2123.4
074 0.000 4374.5 1.0 4867.7 1363.8
074 0.000 123.1 3070.4 252.2 3358.4
074 0.000 1.5 1.0 5.7 699.0
074 0.000 59.9 855.9 520.9 1642.4
074 0.000 4661.8 2827.5 4784.6 3017.9
074 0.000 11.4 1.0 122.6 197.2
074 0.010 9917.6 1407.5 9917.6 2012.6
074 0.010 9917.6 515.5 9917.6 1129.5
074 0.010 9917.6 847.6 9917.6 1549.8
074 0.010 9917.6 2873.1 9917.6 3502.2
074 0.003 9890.0 1940.0 9917.6 2345.0
074 0.001 6809.7 2217.2 7244.5 2843.6
074 0.001 9882.8 88.0 9917.6 411.4
074 0.001 6887.1 2390.7 7760.1 2995.9
074 0.001 7674.1 2259.3 7802.7 2532.7
074 0.000 8777.8 2813.3 9776.9 3473.9
074 0.000 7153.2 2052.6 9539.9 3479.0
074 0.000 8640.4 2648.9 8870.7 3464.1
074 0.000 6215.9 2003.2 8142.3 3469.7
074 0.000 7236.8 2722.3 7498.1 3491.3
074 0.000 7710.6 2309.4 7865.8 2682.9
074 0.000 9868.5 932.2 9917.6 1948.4
074 0.000 9859.1 2911.1 9917.6 3317.9
074 0.000 8979.7 3095.8 9254.2 3477.7
074 0.000 4976.0 1.0 5106.1 260.4
074 0.000 7030.5 2363.5 7195.8 2689.2
074 0.000 7125.5 2431.4 7267.0 2707.0
074 0.000 8402.9 2695.5 8622.8 3490.1
074 0.000 6883.3 4.8 7036.9 218.7
074 0.000 7627.7 2824.0 7888.2 3502.2
074 0.000 6451.9 2056.3 7156.8 3225.1
074 0.000 8254.7 2652.3 8503.5 3502.2
074 0.000 4995.2 953.7 5274.1 3417.1
074 0.000 9758.6 1658.3 9911.1 2221.3
074 0.000 6754.8 7.1 6888.6 271.7
074 0.000 5051.2 1.0 5223.6 184.1
074 0.000 9835.2 184.5 9917.6 495.2
074 0.000 5539.6 244.3 9240.4 3477.0
074 0.000 7813.8 2822.9 8049.1 3502.2
074 0.000 8131.3 2577.6 8370.0 3502.2
074 0.000 6526.8 1.0 6706.9 308.8
074 0.000 8938.7 1236.1 9762.1 3485.5
074 0.000 5894.7 867.3 7155.1 3465.8
074 0.000 6216.0 3136.0 6456.1 3497.3
074 0.000 7527.5 2171.9 7642.4 2402.8
074 0.000 9847.7 1582.4 9917.6 2042.8
074 0.000 6628.0 3163.4 6802.6 3489.6
074 0.000 4991.4 50.7 5238.6 1991.1
074 0.000 5074.8 461.0 5924.8 3394.1
074 0.000 7052.9 2624.2 7196.8 2871.0
074 0.000 5143.3 2268.9 6428.2 3495.5
074 0.000 5783.9 2722.6 5886.9 2911.0
074 0.000 6820.3 2312.0 6953.6 3366.4
074 0.000 7858.8 2357.7 7987.3 2712.2
074 0.000 8226.8 558.9 9045.5 3430.9
074 0.000 7635.5 1915.3 7775.1 2126.1
074 0.000 7154.4 2319.0 7260.0 2562.3
074 0.000 9815.0 3230.4 9917.6 3502.2
074 0.000 9826.2 846.7 9917.0 1235.8
074 0.000 4966.1 2990.5 5030.1 3396.7
074 0.000 7552.9 2014.1 7649.1 2211.2
074 0.000 8017.9 2873.5 8236.6 3502.2
074 0.000 9576.3 1.0 9882.1 2358.7
074 0.000 9805.2 1.0 9914.3 266.9
074 0.000 7672.6 2087.6 7779.2 2324.7
074 0.036 10.3 6459.3 342.2 7010.2
074 0.021 1651.3 4852.8 1804.0 5176.4
074 0.013 524.2 4967.1 689.8 5375.8
074 0.012 4953.1 4813.3 4953.1 5712.1
074 0.006 1732.5 4902.8 1865.4 5179.4
074 0.003 68.1 6588.2 822.6 6998.8
074 0.002 4934.6 6729.1 4953.1 7010.2
074 0.002 4941.1 3508.0 4953.1 5249.4
074 0.001 124.4 3508.0 343.6 3683.5
074 0.001 21.4 5553.6 236.5 6969.3
074 0.001 4931.8 4586.7 4953.1 4958.6
074 0.001 1.5 5780.3 6.6 7010.2
074 0.001 1701.3 4801.4 1875.6 5023.2
074 0.001 1596.9 4704.2 1731.3 5044.1
074 0.001 3.4 6269.4 45.7 7010.2
074 0.001 1964.4 6638.2 2154.6 7010.2
074 0.001 515.9 5181.0 668.0 5539.3
074 0.001 624.1 4946.1 747.9 5216.7
074 0.000 7.0 6025.9 112.0 7010.2
074 0.000 3409.8 4181.0 3576.9 4414.9
074 0.000 4905.1 6625.0 4953.1 7007.9
074 0.000 1763.9 5045.0 1911.6 5280.3
074 0.000 64.2 5417.2 592.1 7010.2
074 0.000 121.7 4491.3 1087.2 7010.2
074 0.000 2.3 5483.2 12.6 6504.1
074 0.000 364.1 5027.6 3154.7 6980.8
074 0.000 2201.1 4487.9 4515.2 6995.0
074 0.000 2087.9 6649.2 2261.2 7010.2
074 0.000 24.0 3508.0 210.4 3591.8
074 0.000 4855.6 5052.2 4952.9 5616.4
074 0.000 154.6 6394.6 488.3 6878.2
074 0.000 80.6 3659.4 586.4 5860.4
074 0.000 1106.8 4152.2 2089.1 6951.2
074 0.000 2490.8 4849.3 2617.2 5124.3
074 0.000 3704.9 5097.6 4747.5 7010.2
074 0.000 1988.1 6836.8 2410.3 7010.2
074 0.000 1820.2 6682.1 2058.2 7010.2
074 0.000 21.9 3508.0 178.2 3970.8
074 0.000 4851.5 4382.9 4950.2 4777.5
074 0.000 2603.0 4764.1 2746.3 4983.9
074 0.000 2024.7 4945.1 2867.8 6999.7
074 0.000 8.9 3508.0 68.6 3642.0
074 0.000 3368.5 4314.8 3488.7 4613.4
074 0.000 1459.3 4455.5 1584.3 5260.6
074 0.000 592.8 4469.7 736.6 5246.1
074 0.000 586.4 6578.9 762.3 7009.1
074 0.000 267.3 3508.0 460.7 4104.0
074 0.000 3833.6 6526.7 4027.7 7010.2
074 0.000 3338.3 4004.9 3448.7 4635.7
074 0.000 2842.1 3508.0 3010.5 3513.3
